TABLE NO.  2
 ID          KA          K20         K30         V2          DV          PRED        RES         WRES
  1.0000E+00  1.7327E-02  1.7937E-01  1.4015E-01  2.8903E-01  0.0000E+00  0.0000E+00  0.0000E+00  0.0000E+00
  1.0000E+00  1.7327E-02  1.7937E-01  1.4015E-01  2.8903E-01  1.2515E+00  8.6784E-01  3.8365E-01  2.8112E+00
  1.0000E+00  1.7327E-02  1.7937E-01  1.4015E-01  2.8903E-01  8.4523E-02  3.9974E-02  4.4550E-02  3.2643E-01
  1.0000E+00  1.7327E-02  1.7937E-01  1.4015E-01  2.8903E-01  2.8306E-01  1.7259E-01  1.1047E-01  8.0944E-01
  1.0000E+00  1.7327E-02  1.7937E-01  1.4015E-01  2.8903E-01  6.7949E-01  5.9606E-01  8.3437E-02  6.1138E-01
  1.0000E+00  1.7327E-02  1.7937E-01  1.4015E-01  2.8903E-01  9.7183E-02  6.3445E-02  3.3738E-02  2.4721E-01
  1.0000E+00  1.7327E-02  1.7937E-01  1.4015E-01  2.8903E-01  3.9320E-01  2.8984E-01  1.0336E-01  7.5734E-01
  1.0000E+00  1.7327E-02  1.7937E-01  1.4015E-01  2.8903E-01  3.9554E-01  3.1868E-01  7.6852E-02  5.6312E-01
  1.0000E+00  1.7327E-02  1.7937E-01  1.4015E-01  2.8903E-01  4.1413E-02  5.9797E-02 -1.8384E-02 -1.3471E-01
  1.0000E+00  1.7327E-02  1.7937E-01  1.4015E-01  2.8903E-01  2.8224E-01  2.9879E-01 -1.6551E-02 -1.2127E-01
  1.0000E+00  1.7327E-02  1.7937E-01  1.4015E-01  2.8903E-01  9.0704E-02  1.7039E-01 -7.9683E-02 -5.8387E-01
  1.0000E+00  1.7327E-02  1.7937E-01  1.4015E-01  2.8903E-01  3.5984E-02  4.2524E-02 -6.5408E-03 -4.7927E-02
  1.0000E+00  1.7327E-02  1.7937E-01  1.4015E-01  2.8903E-01  4.3938E-01  2.3112E-01  2.0827E-01  1.5260E+00
  1.0000E+00  1.7327E-02  1.7937E-01  1.4015E-01  2.8903E-01  9.5029E-02  9.1098E-02  3.9302E-03  2.8798E-02
  1.0000E+00  1.7327E-02  1.7937E-01  1.4015E-01  2.8903E-01  6.7323E-02  2.7040E-02  4.0283E-02  2.9517E-01
  1.0000E+00  1.7327E-02  1.7937E-01  1.4015E-01  2.8903E-01  7.3311E-01  1.5898E-01  5.7413E-01  4.2069E+00
  1.0000E+00  1.7327E-02  1.7937E-01  1.4015E-01  2.8903E-01  7.8382E-02  2.6041E-02  5.2341E-02  3.8352E-01
  1.0000E+00  1.7327E-02  1.7937E-01  1.4015E-01  2.8903E-01  2.5186E-02  9.3841E-03  1.5802E-02  1.1579E-01
  1.0000E+00  1.7327E-02  1.7937E-01  1.4015E-01  2.8903E-01  1.2611E-01  6.3561E-02  6.2548E-02  4.5831E-01
  1.0000E+00  1.7327E-02  1.7937E-01  1.4015E-01  2.8903E-01  3.0037E-02  3.9800E-03  2.6057E-02  1.9093E-01
  1.0000E+00  1.7327E-02  1.7937E-01  1.4015E-01  2.8903E-01  1.1316E-02  1.6299E-03  9.6865E-03  7.0977E-02
  1.0000E+00  1.7327E-02  1.7937E-01  1.4015E-01  2.8903E-01  4.4509E-02  1.3165E-02  3.1344E-02  2.2967E-01
  1.0000E+00  1.7327E-02  1.7937E-01  1.4015E-01  2.8903E-01  2.1091E-02  6.0829E-04  2.0483E-02  1.5008E-01
  1.0000E+00  1.7327E-02  1.7937E-01  1.4015E-01  2.8903E-01  5.4493E-03  2.6239E-04  5.1869E-03  3.8006E-02
  1.0000E+00  1.7327E-02  1.7937E-01  1.4015E-01  2.8903E-01  2.0559E-02  2.4336E-03  1.8125E-02  1.3281E-01
  1.0000E+00  1.7327E-02  1.7937E-01  1.4015E-01  2.8903E-01  0.0000E+00  1.4209E-05  0.0000E+00  0.0000E+00
  1.0000E+00  1.7327E-02  1.7937E-01  1.4015E-01  2.8903E-01  0.0000E+00  6.3279E-06  0.0000E+00  0.0000E+00
  1.0000E+00  1.7327E-02  1.7937E-01  1.4015E-01  2.8903E-01  9.0481E-03  7.1010E-05  8.9771E-03  6.5778E-02
  1.0000E+00  1.7327E-02  1.7937E-01  1.4015E-01  2.8903E-01  0.0000E+00  3.3190E-07  0.0000E+00  0.0000E+00
  1.0000E+00  1.7327E-02  1.7937E-01  1.4015E-01  2.8903E-01  0.0000E+00  1.4873E-07  0.0000E+00  0.0000E+00
  1.0000E+00  1.7327E-02  1.7937E-01  1.4015E-01  2.8903E-01  0.0000E+00  1.8701E-06  0.0000E+00  0.0000E+00
  2.0000E+00  1.7327E-02  1.7937E-01  1.4015E-01  2.8903E-01  0.0000E+00  0.0000E+00  0.0000E+00  0.0000E+00
  2.0000E+00  1.7327E-02  1.7937E-01  1.4015E-01  2.8903E-01  7.0005E-01  8.6784E-01 -1.6780E-01 -1.2295E+00
  2.0000E+00  1.7327E-02  1.7937E-01  1.4015E-01  2.8903E-01  9.8590E-02  3.9974E-02  5.8616E-02  4.2950E-01
  2.0000E+00  1.7327E-02  1.7937E-01  1.4015E-01  2.8903E-01  2.6160E-01  1.7259E-01  8.9009E-02  6.5221E-01
  2.0000E+00  1.7327E-02  1.7937E-01  1.4015E-01  2.8903E-01  4.6367E-01  5.9606E-01 -1.3239E-01 -9.7004E-01
  2.0000E+00  1.7327E-02  1.7937E-01  1.4015E-01  2.8903E-01  5.4269E-02  6.3445E-02 -9.1764E-03 -6.7239E-02
  2.0000E+00  1.7327E-02  1.7937E-01  1.4015E-01  2.8903E-01  1.8639E-01  2.8984E-01 -1.0345E-01 -7.5805E-01
  2.0000E+00  1.7327E-02  1.7937E-01  1.4015E-01  2.8903E-01  2.3654E-01  3.1868E-01 -8.2148E-02 -6.0193E-01
  2.0000E+00  1.7327E-02  1.7937E-01  1.4015E-01  2.8903E-01  3.4595E-02  5.9797E-02 -2.5202E-02 -1.8466E-01
  2.0000E+00  1.7327E-02  1.7937E-01  1.4015E-01  2.8903E-01  1.7408E-01  2.9879E-01 -1.2470E-01 -9.1375E-01
  2.0000E+00  1.7327E-02  1.7937E-01  1.4015E-01  2.8903E-01  1.7202E-01  1.7039E-01  1.6285E-03  1.1933E-02
  2.0000E+00  1.7327E-02  1.7937E-01  1.4015E-01  2.8903E-01  2.7459E-02  4.2524E-02 -1.5065E-02 -1.1039E-01
  2.0000E+00  1.7327E-02  1.7937E-01  1.4015E-01  2.8903E-01  1.1797E-01  2.3112E-01 -1.1315E-01 -8.2909E-01
  2.0000E+00  1.7327E-02  1.7937E-01  1.4015E-01  2.8903E-01  1.1766E-01  9.1098E-02  2.6563E-02  1.9464E-01
  2.0000E+00  1.7327E-02  1.7937E-01  1.4015E-01  2.8903E-01  3.0066E-02  2.7040E-02  3.0259E-03  2.2172E-02
  2.0000E+00  1.7327E-02  1.7937E-01  1.4015E-01  2.8903E-01  1.4598E-01  1.5898E-01 -1.3000E-02 -9.5258E-02
  2.0000E+00  1.7327E-02  1.7937E-01  1.4015E-01  2.8903E-01  5.9915E-02  2.6041E-02  3.3874E-02  2.4821E-01
  2.0000E+00  1.7327E-02  1.7937E-01  1.4015E-01  2.8903E-01  1.9941E-02  9.3841E-03  1.0557E-02  7.7357E-02
  2.0000E+00  1.7327E-02  1.7937E-01  1.4015E-01  2.8903E-01  8.2562E-02  6.3561E-02  1.9001E-02  1.3923E-01
  2.0000E+00  1.7327E-02  1.7937E-01  1.4015E-01  2.8903E-01  3.7580E-02  3.9800E-03  3.3600E-02  2.4620E-01
  2.0000E+00  1.7327E-02  1.7937E-01  1.4015E-01  2.8903E-01  1.2817E-02  1.6299E-03  1.1187E-02  8.1969E-02
  2.0000E+00  1.7327E-02  1.7937E-01  1.4015E-01  2.8903E-01  4.8137E-02  1.3165E-02  3.4972E-02  2.5625E-01
  2.0000E+00  1.7327E-02  1.7937E-01  1.4015E-01  2.8903E-01  0.0000E+00  6.0829E-04  0.0000E+00  0.0000E+00
  2.0000E+00  1.7327E-02  1.7937E-01  1.4015E-01  2.8903E-01  9.1171E-03  2.6239E-04  8.8547E-03  6.4882E-02
  2.0000E+00  1.7327E-02  1.7937E-01  1.4015E-01  2.8903E-01  1.9701E-02  2.4336E-03  1.7268E-02  1.2653E-01
  2.0000E+00  1.7327E-02  1.7937E-01  1.4015E-01  2.8903E-01  0.0000E+00  1.4209E-05  0.0000E+00  0.0000E+00
  2.0000E+00  1.7327E-02  1.7937E-01  1.4015E-01  2.8903E-01  0.0000E+00  6.3279E-06  0.0000E+00  0.0000E+00
  2.0000E+00  1.7327E-02  1.7937E-01  1.4015E-01  2.8903E-01  6.9208E-03  7.1010E-05  6.8498E-03  5.0191E-02
  2.0000E+00  1.7327E-02  1.7937E-01  1.4015E-01  2.8903E-01  0.0000E+00  3.3190E-07  0.0000E+00  0.0000E+00
  2.0000E+00  1.7327E-02  1.7937E-01  1.4015E-01  2.8903E-01  0.0000E+00  1.4873E-07  0.0000E+00  0.0000E+00
  2.0000E+00  1.7327E-02  1.7937E-01  1.4015E-01  2.8903E-01  2.4376E-03  1.8701E-06  2.4357E-03  1.7848E-02
  3.0000E+00  1.7327E-02  1.7937E-01  1.4015E-01  2.8903E-01  0.0000E+00  0.0000E+00  0.0000E+00  0.0000E+00
  3.0000E+00  1.7327E-02  1.7937E-01  1.4015E-01  2.8903E-01  6.9184E-01  8.6784E-01 -1.7601E-01 -1.2897E+00
  3.0000E+00  1.7327E-02  1.7937E-01  1.4015E-01  2.8903E-01  8.5567E-02  3.9974E-02  4.5593E-02  3.3408E-01
  3.0000E+00  1.7327E-02  1.7937E-01  1.4015E-01  2.8903E-01  2.3866E-01  1.7259E-01  6.6073E-02  4.8414E-01
  3.0000E+00  1.7327E-02  1.7937E-01  1.4015E-01  2.8903E-01  4.9224E-01  5.9606E-01 -1.0381E-01 -7.6067E-01
  3.0000E+00  1.7327E-02  1.7937E-01  1.4015E-01  2.8903E-01  7.8575E-02  6.3445E-02  1.5130E-02  1.1086E-01
  3.0000E+00  1.7327E-02  1.7937E-01  1.4015E-01  2.8903E-01  2.8869E-01  2.8984E-01 -1.1553E-03 -8.4656E-03
  3.0000E+00  1.7327E-02  1.7937E-01  1.4015E-01  2.8903E-01  3.4308E-01  3.1868E-01  2.4396E-02  1.7876E-01
  3.0000E+00  1.7327E-02  1.7937E-01  1.4015E-01  2.8903E-01  5.7500E-02  5.9797E-02 -2.2976E-03 -1.6835E-02
  3.0000E+00  1.7327E-02  1.7937E-01  1.4015E-01  2.8903E-01  2.4895E-01  2.9879E-01 -4.9834E-02 -3.6515E-01
  3.0000E+00  1.7327E-02  1.7937E-01  1.4015E-01  2.8903E-01  2.2622E-01  1.7039E-01  5.5832E-02  4.0911E-01
  3.0000E+00  1.7327E-02  1.7937E-01  1.4015E-01  2.8903E-01  4.2181E-02  4.2524E-02 -3.4380E-04 -2.5192E-03
  3.0000E+00  1.7327E-02  1.7937E-01  1.4015E-01  2.8903E-01  1.9632E-01  2.3112E-01 -3.4800E-02 -2.5499E-01
  3.0000E+00  1.7327E-02  1.7937E-01  1.4015E-01  2.8903E-01  1.1753E-01  9.1098E-02  2.6429E-02  1.9366E-01
  3.0000E+00  1.7327E-02  1.7937E-01  1.4015E-01  2.8903E-01  3.7602E-02  2.7040E-02  1.0562E-02  7.7393E-02
  3.0000E+00  1.7327E-02  1.7937E-01  1.4015E-01  2.8903E-01  1.8233E-01  1.5898E-01  2.3348E-02  1.7108E-01
  3.0000E+00  1.7327E-02  1.7937E-01  1.4015E-01  2.8903E-01  8.6376E-02  2.6041E-02  6.0335E-02  4.4209E-01
  3.0000E+00  1.7327E-02  1.7937E-01  1.4015E-01  2.8903E-01  2.2411E-02  9.3841E-03  1.3027E-02  9.5455E-02
  3.0000E+00  1.7327E-02  1.7937E-01  1.4015E-01  2.8903E-01  1.2741E-01  6.3561E-02  6.3845E-02  4.6782E-01
  3.0000E+00  1.7327E-02  1.7937E-01  1.4015E-01  2.8903E-01  0.0000E+00  3.9800E-03  0.0000E+00  0.0000E+00
  3.0000E+00  1.7327E-02  1.7937E-01  1.4015E-01  2.8903E-01  0.0000E+00  1.6299E-03  0.0000E+00  0.0000E+00
  3.0000E+00  1.7327E-02  1.7937E-01  1.4015E-01  2.8903E-01  0.0000E+00  1.3165E-02  0.0000E+00  0.0000E+00
  3.0000E+00  1.7327E-02  1.7937E-01  1.4015E-01  2.8903E-01  0.0000E+00  6.0829E-04  0.0000E+00  0.0000E+00
  3.0000E+00  1.7327E-02  1.7937E-01  1.4015E-01  2.8903E-01  0.0000E+00  2.6239E-04  0.0000E+00  0.0000E+00
  3.0000E+00  1.7327E-02  1.7937E-01  1.4015E-01  2.8903E-01  0.0000E+00  2.4336E-03  0.0000E+00  0.0000E+00
  3.0000E+00  1.7327E-02  1.7937E-01  1.4015E-01  2.8903E-01  0.0000E+00  1.4209E-05  0.0000E+00  0.0000E+00
  3.0000E+00  1.7327E-02  1.7937E-01  1.4015E-01  2.8903E-01  0.0000E+00  6.3279E-06  0.0000E+00  0.0000E+00
  3.0000E+00  1.7327E-02  1.7937E-01  1.4015E-01  2.8903E-01  0.0000E+00  7.1010E-05  0.0000E+00  0.0000E+00
  3.0000E+00  1.7327E-02  1.7937E-01  1.4015E-01  2.8903E-01  0.0000E+00  3.3190E-07  0.0000E+00  0.0000E+00
  3.0000E+00  1.7327E-02  1.7937E-01  1.4015E-01  2.8903E-01  0.0000E+00  1.4873E-07  0.0000E+00  0.0000E+00
  3.0000E+00  1.7327E-02  1.7937E-01  1.4015E-01  2.8903E-01  0.0000E+00  1.8701E-06  0.0000E+00  0.0000E+00
  4.0000E+00  1.7327E-02  1.7937E-01  1.4015E-01  2.8903E-01  0.0000E+00  0.0000E+00  0.0000E+00  0.0000E+00
  4.0000E+00  1.7327E-02  1.7937E-01  1.4015E-01  2.8903E-01  4.2806E-01  8.6784E-01 -4.3978E-01 -3.2225E+00
  4.0000E+00  1.7327E-02  1.7937E-01  1.4015E-01  2.8903E-01  7.5711E-02  3.9974E-02  3.5737E-02  2.6186E-01
  4.0000E+00  1.7327E-02  1.7937E-01  1.4015E-01  2.8903E-01  2.2091E-01  1.7259E-01  4.8324E-02  3.5409E-01
  4.0000E+00  1.7327E-02  1.7937E-01  1.4015E-01  2.8903E-01  6.0749E-01  5.9606E-01  1.1434E-02  8.3783E-02
  4.0000E+00  1.7327E-02  1.7937E-01  1.4015E-01  2.8903E-01  6.2910E-02  6.3445E-02 -5.3507E-04 -3.9206E-03
  4.0000E+00  1.7327E-02  1.7937E-01  1.4015E-01  2.8903E-01  2.2759E-01  2.8984E-01 -6.2245E-02 -4.5610E-01
  4.0000E+00  1.7327E-02  1.7937E-01  1.4015E-01  2.8903E-01  2.6508E-01  3.1868E-01 -5.3609E-02 -3.9281E-01
  4.0000E+00  1.7327E-02  1.7937E-01  1.4015E-01  2.8903E-01  4.3093E-02  5.9797E-02 -1.6704E-02 -1.2240E-01
  4.0000E+00  1.7327E-02  1.7937E-01  1.4015E-01  2.8903E-01  2.0214E-01  2.9879E-01 -9.6646E-02 -7.0816E-01
  4.0000E+00  1.7327E-02  1.7937E-01  1.4015E-01  2.8903E-01  2.0983E-01  1.7039E-01  3.9447E-02  2.8904E-01
  4.0000E+00  1.7327E-02  1.7937E-01  1.4015E-01  2.8903E-01  3.3288E-02  4.2524E-02 -9.2368E-03 -6.7682E-02
  4.0000E+00  1.7327E-02  1.7937E-01  1.4015E-01  2.8903E-01  1.4980E-01  2.3112E-01 -8.1313E-02 -5.9581E-01
  4.0000E+00  1.7327E-02  1.7937E-01  1.4015E-01  2.8903E-01  9.9859E-02  9.1098E-02  8.7604E-03  6.4191E-02
  4.0000E+00  1.7327E-02  1.7937E-01  1.4015E-01  2.8903E-01  3.2202E-02  2.7040E-02  5.1623E-03  3.7826E-02
  4.0000E+00  1.7327E-02  1.7937E-01  1.4015E-01  2.8903E-01  1.7512E-01  1.5898E-01  1.6141E-02  1.1827E-01
  4.0000E+00  1.7327E-02  1.7937E-01  1.4015E-01  2.8903E-01  7.1663E-02  2.6041E-02  4.5622E-02  3.3429E-01
  4.0000E+00  1.7327E-02  1.7937E-01  1.4015E-01  2.8903E-01  2.7932E-02  9.3841E-03  1.8548E-02  1.3591E-01
  4.0000E+00  1.7327E-02  1.7937E-01  1.4015E-01  2.8903E-01  1.1486E-01  6.3561E-02  5.1297E-02  3.7588E-01
  4.0000E+00  1.7327E-02  1.7937E-01  1.4015E-01  2.8903E-01  3.9346E-02  3.9800E-03  3.5366E-02  2.5914E-01
  4.0000E+00  1.7327E-02  1.7937E-01  1.4015E-01  2.8903E-01  8.9048E-03  1.6299E-03  7.2749E-03  5.3306E-02
  4.0000E+00  1.7327E-02  1.7937E-01  1.4015E-01  2.8903E-01  4.4412E-02  1.3165E-02  3.1247E-02  2.2896E-01
  4.0000E+00  1.7327E-02  1.7937E-01  1.4015E-01  2.8903E-01  0.0000E+00  6.0829E-04  0.0000E+00  0.0000E+00
  4.0000E+00  1.7327E-02  1.7937E-01  1.4015E-01  2.8903E-01  0.0000E+00  2.6239E-04  0.0000E+00  0.0000E+00
  4.0000E+00  1.7327E-02  1.7937E-01  1.4015E-01  2.8903E-01  0.0000E+00  2.4336E-03  0.0000E+00  0.0000E+00
  4.0000E+00  1.7327E-02  1.7937E-01  1.4015E-01  2.8903E-01  0.0000E+00  1.4209E-05  0.0000E+00  0.0000E+00
  4.0000E+00  1.7327E-02  1.7937E-01  1.4015E-01  2.8903E-01  0.0000E+00  6.3279E-06  0.0000E+00  0.0000E+00
  4.0000E+00  1.7327E-02  1.7937E-01  1.4015E-01  2.8903E-01  0.0000E+00  7.1010E-05  0.0000E+00  0.0000E+00
  4.0000E+00  1.7327E-02  1.7937E-01  1.4015E-01  2.8903E-01  0.0000E+00  3.3190E-07  0.0000E+00  0.0000E+00
  4.0000E+00  1.7327E-02  1.7937E-01  1.4015E-01  2.8903E-01  0.0000E+00  1.4873E-07  0.0000E+00  0.0000E+00
  4.0000E+00  1.7327E-02  1.7937E-01  1.4015E-01  2.8903E-01  0.0000E+00  1.8701E-06  0.0000E+00  0.0000E+00
  5.0000E+00  1.7327E-02  1.7937E-01  1.4015E-01  2.8903E-01  0.0000E+00  0.0000E+00  0.0000E+00  0.0000E+00
  5.0000E+00  1.7327E-02  1.7937E-01  1.4015E-01  2.8903E-01  7.4113E-01  8.6784E-01 -1.2672E-01 -9.2851E-01
  5.0000E+00  1.7327E-02  1.7937E-01  1.4015E-01  2.8903E-01  1.0271E-01  3.9974E-02  6.2740E-02  4.5972E-01
  5.0000E+00  1.7327E-02  1.7937E-01  1.4015E-01  2.8903E-01  2.9757E-01  1.7259E-01  1.2498E-01  9.1576E-01
  5.0000E+00  1.7327E-02  1.7937E-01  1.4015E-01  2.8903E-01  6.9791E-01  5.9606E-01  1.0185E-01  7.4631E-01
  5.0000E+00  1.7327E-02  1.7937E-01  1.4015E-01  2.8903E-01  1.0137E-01  6.3445E-02  3.7930E-02  2.7792E-01
  5.0000E+00  1.7327E-02  1.7937E-01  1.4015E-01  2.8903E-01  3.0011E-01  2.8984E-01  1.0274E-02  7.5278E-02
  5.0000E+00  1.7327E-02  1.7937E-01  1.4015E-01  2.8903E-01  3.3251E-01  3.1868E-01  1.3830E-02  1.0134E-01
  5.0000E+00  1.7327E-02  1.7937E-01  1.4015E-01  2.8903E-01  7.5230E-02  5.9797E-02  1.5433E-02  1.1308E-01
  5.0000E+00  1.7327E-02  1.7937E-01  1.4015E-01  2.8903E-01  2.9453E-01  2.9879E-01 -4.2588E-03 -3.1206E-02
  5.0000E+00  1.7327E-02  1.7937E-01  1.4015E-01  2.8903E-01  2.9694E-01  1.7039E-01  1.2655E-01  9.2731E-01
  5.0000E+00  1.7327E-02  1.7937E-01  1.4015E-01  2.8903E-01  6.5308E-02  4.2524E-02  2.2784E-02  1.6694E-01
  5.0000E+00  1.7327E-02  1.7937E-01  1.4015E-01  2.8903E-01  2.6111E-01  2.3112E-01  2.9990E-02  2.1975E-01
  5.0000E+00  1.7327E-02  1.7937E-01  1.4015E-01  2.8903E-01  1.9322E-01  9.1098E-02  1.0212E-01  7.4830E-01
  5.0000E+00  1.7327E-02  1.7937E-01  1.4015E-01  2.8903E-01  3.8275E-02  2.7040E-02  1.1235E-02  8.2322E-02
  5.0000E+00  1.7327E-02  1.7937E-01  1.4015E-01  2.8903E-01  1.6223E-01  1.5898E-01  3.2506E-03  2.3819E-02
  5.0000E+00  1.7327E-02  1.7937E-01  1.4015E-01  2.8903E-01  1.4249E-01  2.6041E-02  1.1645E-01  8.5325E-01
  5.0000E+00  1.7327E-02  1.7937E-01  1.4015E-01  2.8903E-01  4.2253E-02  9.3841E-03  3.2869E-02  2.4084E-01
  5.0000E+00  1.7327E-02  1.7937E-01  1.4015E-01  2.8903E-01  1.5744E-01  6.3561E-02  9.3879E-02  6.8789E-01
  5.0000E+00  1.7327E-02  1.7937E-01  1.4015E-01  2.8903E-01  6.7844E-02  3.9800E-03  6.3864E-02  4.6796E-01
  5.0000E+00  1.7327E-02  1.7937E-01  1.4015E-01  2.8903E-01  2.5643E-02  1.6299E-03  2.4013E-02  1.7595E-01
  5.0000E+00  1.7327E-02  1.7937E-01  1.4015E-01  2.8903E-01  9.8244E-02  1.3165E-02  8.5079E-02  6.2341E-01
  5.0000E+00  1.7327E-02  1.7937E-01  1.4015E-01  2.8903E-01  0.0000E+00  6.0829E-04  0.0000E+00  0.0000E+00
  5.0000E+00  1.7327E-02  1.7937E-01  1.4015E-01  2.8903E-01  0.0000E+00  2.6239E-04  0.0000E+00  0.0000E+00
  5.0000E+00  1.7327E-02  1.7937E-01  1.4015E-01  2.8903E-01  0.0000E+00  2.4336E-03  0.0000E+00  0.0000E+00
  5.0000E+00  1.7327E-02  1.7937E-01  1.4015E-01  2.8903E-01  0.0000E+00  1.4209E-05  0.0000E+00  0.0000E+00
  5.0000E+00  1.7327E-02  1.7937E-01  1.4015E-01  2.8903E-01  0.0000E+00  6.3279E-06  0.0000E+00  0.0000E+00
  5.0000E+00  1.7327E-02  1.7937E-01  1.4015E-01  2.8903E-01  0.0000E+00  7.1010E-05  0.0000E+00  0.0000E+00
  5.0000E+00  1.7327E-02  1.7937E-01  1.4015E-01  2.8903E-01  0.0000E+00  3.3190E-07  0.0000E+00  0.0000E+00
  5.0000E+00  1.7327E-02  1.7937E-01  1.4015E-01  2.8903E-01  0.0000E+00  1.4873E-07  0.0000E+00  0.0000E+00
  5.0000E+00  1.7327E-02  1.7937E-01  1.4015E-01  2.8903E-01  0.0000E+00  1.8701E-06  0.0000E+00  0.0000E+00
  6.0000E+00  1.7327E-02  1.7937E-01  1.4015E-01  2.8903E-01  0.0000E+00  0.0000E+00  0.0000E+00  0.0000E+00
  6.0000E+00  1.7327E-02  1.7937E-01  1.4015E-01  2.8903E-01  8.6144E-01  8.6784E-01 -6.4000E-03 -4.6895E-02
  6.0000E+00  1.7327E-02  1.7937E-01  1.4015E-01  2.8903E-01  1.2276E-01  3.9974E-02  8.2787E-02  6.0661E-01
  6.0000E+00  1.7327E-02  1.7937E-01  1.4015E-01  2.8903E-01  2.6256E-01  1.7259E-01  8.9969E-02  6.5923E-01
  6.0000E+00  1.7327E-02  1.7937E-01  1.4015E-01  2.8903E-01  7.6169E-01  5.9606E-01  1.6563E-01  1.2136E+00
  6.0000E+00  1.7327E-02  1.7937E-01  1.4015E-01  2.8903E-01  9.4595E-02  6.3445E-02  3.1150E-02  2.2825E-01
  6.0000E+00  1.7327E-02  1.7937E-01  1.4015E-01  2.8903E-01  2.8544E-01  2.8984E-01 -4.4052E-03 -3.2279E-02
  6.0000E+00  1.7327E-02  1.7937E-01  1.4015E-01  2.8903E-01  4.4780E-01  3.1868E-01  1.2911E-01  9.4606E-01
  6.0000E+00  1.7327E-02  1.7937E-01  1.4015E-01  2.8903E-01  8.2742E-02  5.9797E-02  2.2945E-02  1.6812E-01
  6.0000E+00  1.7327E-02  1.7937E-01  1.4015E-01  2.8903E-01  2.7371E-01  2.9879E-01 -2.5079E-02 -1.8377E-01
  6.0000E+00  1.7327E-02  1.7937E-01  1.4015E-01  2.8903E-01  2.0702E-01  1.7039E-01  3.6634E-02  2.6843E-01
  6.0000E+00  1.7327E-02  1.7937E-01  1.4015E-01  2.8903E-01  3.6878E-02  4.2524E-02 -5.6467E-03 -4.1375E-02
  6.0000E+00  1.7327E-02  1.7937E-01  1.4015E-01  2.8903E-01  1.6792E-01  2.3112E-01 -6.3197E-02 -4.6307E-01
  6.0000E+00  1.7327E-02  1.7937E-01  1.4015E-01  2.8903E-01  1.9260E-01  9.1098E-02  1.0150E-01  7.4372E-01
  6.0000E+00  1.7327E-02  1.7937E-01  1.4015E-01  2.8903E-01  3.6816E-02  2.7040E-02  9.7759E-03  7.1632E-02
  6.0000E+00  1.7327E-02  1.7937E-01  1.4015E-01  2.8903E-01  1.3813E-01  1.5898E-01 -2.0852E-02 -1.5279E-01
  6.0000E+00  1.7327E-02  1.7937E-01  1.4015E-01  2.8903E-01  9.9141E-02  2.6041E-02  7.3100E-02  5.3563E-01
  6.0000E+00  1.7327E-02  1.7937E-01  1.4015E-01  2.8903E-01  2.4646E-02  9.3841E-03  1.5262E-02  1.1183E-01
  6.0000E+00  1.7327E-02  1.7937E-01  1.4015E-01  2.8903E-01  1.0749E-01  6.3561E-02  4.3926E-02  3.2186E-01
  6.0000E+00  1.7327E-02  1.7937E-01  1.4015E-01  2.8903E-01  2.2549E-02  3.9800E-03  1.8569E-02  1.3606E-01
  6.0000E+00  1.7327E-02  1.7937E-01  1.4015E-01  2.8903E-01  1.0228E-02  1.6299E-03  8.5982E-03  6.3002E-02
  6.0000E+00  1.7327E-02  1.7937E-01  1.4015E-01  2.8903E-01  5.3779E-02  1.3165E-02  4.0614E-02  2.9760E-01
  6.0000E+00  1.7327E-02  1.7937E-01  1.4015E-01  2.8903E-01  0.0000E+00  6.0829E-04  0.0000E+00  0.0000E+00
  6.0000E+00  1.7327E-02  1.7937E-01  1.4015E-01  2.8903E-01  0.0000E+00  2.6239E-04  0.0000E+00  0.0000E+00
  6.0000E+00  1.7327E-02  1.7937E-01  1.4015E-01  2.8903E-01  0.0000E+00  2.4336E-03  0.0000E+00  0.0000E+00
  6.0000E+00  1.7327E-02  1.7937E-01  1.4015E-01  2.8903E-01  0.0000E+00  1.4209E-05  0.0000E+00  0.0000E+00
  6.0000E+00  1.7327E-02  1.7937E-01  1.4015E-01  2.8903E-01  0.0000E+00  6.3279E-06  0.0000E+00  0.0000E+00
  6.0000E+00  1.7327E-02  1.7937E-01  1.4015E-01  2.8903E-01  0.0000E+00  7.1010E-05  0.0000E+00  0.0000E+00
  6.0000E+00  1.7327E-02  1.7937E-01  1.4015E-01  2.8903E-01  0.0000E+00  3.3190E-07  0.0000E+00  0.0000E+00
  6.0000E+00  1.7327E-02  1.7937E-01  1.4015E-01  2.8903E-01  0.0000E+00  1.4873E-07  0.0000E+00  0.0000E+00
  6.0000E+00  1.7327E-02  1.7937E-01  1.4015E-01  2.8903E-01  0.0000E+00  1.8701E-06  0.0000E+00  0.0000E+00
  7.0000E+00  1.7327E-02  1.7937E-01  1.4015E-01  2.8903E-01  0.0000E+00  0.0000E+00  0.0000E+00  0.0000E+00
  7.0000E+00  1.7327E-02  1.7937E-01  1.4015E-01  2.8903E-01  1.6538E+00  1.7358E+00 -8.1982E-02 -6.0071E-01
  7.0000E+00  1.7327E-02  1.7937E-01  1.4015E-01  2.8903E-01  2.2056E-01  7.9953E-02  1.4060E-01  1.0302E+00
  7.0000E+00  1.7327E-02  1.7937E-01  1.4015E-01  2.8903E-01  5.0429E-01  3.4520E-01  1.5909E-01  1.1657E+00
  7.0000E+00  1.7327E-02  1.7937E-01  1.4015E-01  2.8903E-01  1.0393E+00  1.1922E+00 -1.5294E-01 -1.1207E+00
  7.0000E+00  1.7327E-02  1.7937E-01  1.4015E-01  2.8903E-01  1.4859E-01  1.2690E-01  2.1693E-02  1.5895E-01
  7.0000E+00  1.7327E-02  1.7937E-01  1.4015E-01  2.8903E-01  4.8939E-01  5.7973E-01 -9.0341E-02 -6.6196E-01
  7.0000E+00  1.7327E-02  1.7937E-01  1.4015E-01  2.8903E-01  5.4214E-01  6.3742E-01 -9.5284E-02 -6.9818E-01
  7.0000E+00  1.7327E-02  1.7937E-01  1.4015E-01  2.8903E-01  1.0594E-01  1.1960E-01 -1.3663E-02 -1.0011E-01
  7.0000E+00  1.7327E-02  1.7937E-01  1.4015E-01  2.8903E-01  4.2097E-01  5.9762E-01 -1.7665E-01 -1.2944E+00
  7.0000E+00  1.7327E-02  1.7937E-01  1.4015E-01  2.8903E-01  3.0834E-01  3.4080E-01 -3.2461E-02 -2.3786E-01
  7.0000E+00  1.7327E-02  1.7937E-01  1.4015E-01  2.8903E-01  6.1397E-02  8.5055E-02 -2.3659E-02 -1.7336E-01
  7.0000E+00  1.7327E-02  1.7937E-01  1.4015E-01  2.8903E-01  2.9162E-01  4.6227E-01 -1.7064E-01 -1.2504E+00
  7.0000E+00  1.7327E-02  1.7937E-01  1.4015E-01  2.8903E-01  2.5996E-01  1.8221E-01  7.7749E-02  5.6970E-01
  7.0000E+00  1.7327E-02  1.7937E-01  1.4015E-01  2.8903E-01  6.6734E-02  5.4084E-02  1.2650E-02  9.2689E-02
  7.0000E+00  1.7327E-02  1.7937E-01  1.4015E-01  2.8903E-01  2.9025E-01  3.1799E-01 -2.7736E-02 -2.0323E-01
  7.0000E+00  1.7327E-02  1.7937E-01  1.4015E-01  2.8903E-01  1.6512E-01  5.2086E-02  1.1303E-01  8.2822E-01
  7.0000E+00  1.7327E-02  1.7937E-01  1.4015E-01  2.8903E-01  4.0249E-02  1.8770E-02  2.1479E-02  1.5739E-01
  7.0000E+00  1.7327E-02  1.7937E-01  1.4015E-01  2.8903E-01  2.0065E-01  1.2713E-01  7.3515E-02  5.3867E-01
  7.0000E+00  1.7327E-02  1.7937E-01  1.4015E-01  2.8903E-01  6.3985E-02  7.9606E-03  5.6025E-02  4.1051E-01
  7.0000E+00  1.7327E-02  1.7937E-01  1.4015E-01  2.8903E-01  1.9749E-02  3.2601E-03  1.6488E-02  1.2082E-01
  7.0000E+00  1.7327E-02  1.7937E-01  1.4015E-01  2.8903E-01  1.0502E-01  2.6331E-02  7.8690E-02  5.7659E-01
  7.0000E+00  1.7327E-02  1.7937E-01  1.4015E-01  2.8903E-01  3.3635E-02  1.2167E-03  3.2418E-02  2.3754E-01
  7.0000E+00  1.7327E-02  1.7937E-01  1.4015E-01  2.8903E-01  1.2119E-02  5.2482E-04  1.1594E-02  8.4957E-02
  7.0000E+00  1.7327E-02  1.7937E-01  1.4015E-01  2.8903E-01  4.7485E-02  4.8675E-03  4.2618E-02  3.1228E-01
  7.0000E+00  1.7327E-02  1.7937E-01  1.4015E-01  2.8903E-01  8.0071E-03  2.8420E-05  7.9787E-03  5.8463E-02
  7.0000E+00  1.7327E-02  1.7937E-01  1.4015E-01  2.8903E-01  8.3804E-03  1.2657E-05  8.3677E-03  6.1314E-02
  7.0000E+00  1.7327E-02  1.7937E-01  1.4015E-01  2.8903E-01  1.6155E-02  1.4203E-04  1.6013E-02  1.1733E-01
  7.0000E+00  1.7327E-02  1.7937E-01  1.4015E-01  2.8903E-01  2.3918E-03  6.6385E-07  2.3912E-03  1.7521E-02
  7.0000E+00  1.7327E-02  1.7937E-01  1.4015E-01  2.8903E-01  4.2190E-03  2.9747E-07  4.2187E-03  3.0912E-02
  7.0000E+00  1.7327E-02  1.7937E-01  1.4015E-01  2.8903E-01  7.5381E-03  3.7406E-06  7.5344E-03  5.5207E-02
  8.0000E+00  1.7327E-02  1.7937E-01  1.4015E-01  2.8903E-01  0.0000E+00  0.0000E+00  0.0000E+00  0.0000E+00
  8.0000E+00  1.7327E-02  1.7937E-01  1.4015E-01  2.8903E-01  1.3987E+00  1.7358E+00 -3.3712E-01 -2.4702E+00
  8.0000E+00  1.7327E-02  1.7937E-01  1.4015E-01  2.8903E-01  1.7003E-01  7.9953E-02  9.0073E-02  6.6000E-01
  8.0000E+00  1.7327E-02  1.7937E-01  1.4015E-01  2.8903E-01  5.7573E-01  3.4520E-01  2.3053E-01  1.6891E+00
  8.0000E+00  1.7327E-02  1.7937E-01  1.4015E-01  2.8903E-01  1.1306E+00  1.1922E+00 -6.1590E-02 -4.5129E-01
  8.0000E+00  1.7327E-02  1.7937E-01  1.4015E-01  2.8903E-01  1.6524E-01  1.2690E-01  3.8342E-02  2.8095E-01
  8.0000E+00  1.7327E-02  1.7937E-01  1.4015E-01  2.8903E-01  6.3250E-01  5.7973E-01  5.2774E-02  3.8670E-01
  8.0000E+00  1.7327E-02  1.7937E-01  1.4015E-01  2.8903E-01  4.3431E-01  6.3742E-01 -2.0311E-01 -1.4883E+00
  8.0000E+00  1.7327E-02  1.7937E-01  1.4015E-01  2.8903E-01  1.4448E-01  1.1960E-01  2.4877E-02  1.8228E-01
  8.0000E+00  1.7327E-02  1.7937E-01  1.4015E-01  2.8903E-01  7.0745E-01  5.9762E-01  1.0983E-01  8.0476E-01
  8.0000E+00  1.7327E-02  1.7937E-01  1.4015E-01  2.8903E-01  3.7995E-01  3.4080E-01  3.9154E-02  2.8690E-01
  8.0000E+00  1.7327E-02  1.7937E-01  1.4015E-01  2.8903E-01  9.0680E-02  8.5055E-02  5.6244E-03  4.1212E-02
  8.0000E+00  1.7327E-02  1.7937E-01  1.4015E-01  2.8903E-01  3.9538E-01  4.6227E-01 -6.6892E-02 -4.9014E-01
  8.0000E+00  1.7327E-02  1.7937E-01  1.4015E-01  2.8903E-01  2.8875E-01  1.8221E-01  1.0654E-01  7.8064E-01
  8.0000E+00  1.7327E-02  1.7937E-01  1.4015E-01  2.8903E-01  9.2806E-02  5.4084E-02  3.8722E-02  2.8373E-01
  8.0000E+00  1.7327E-02  1.7937E-01  1.4015E-01  2.8903E-01  3.4735E-01  3.1799E-01  2.9367E-02  2.1518E-01
  8.0000E+00  1.7327E-02  1.7937E-01  1.4015E-01  2.8903E-01  1.2049E-01  5.2086E-02  6.8402E-02  5.0121E-01
  8.0000E+00  1.7327E-02  1.7937E-01  1.4015E-01  2.8903E-01  5.3929E-02  1.8770E-02  3.5160E-02  2.5763E-01
  8.0000E+00  1.7327E-02  1.7937E-01  1.4015E-01  2.8903E-01  2.3680E-01  1.2713E-01  1.0967E-01  8.0361E-01
  8.0000E+00  1.7327E-02  1.7937E-01  1.4015E-01  2.8903E-01  4.4634E-02  7.9606E-03  3.6673E-02  2.6872E-01
  8.0000E+00  1.7327E-02  1.7937E-01  1.4015E-01  2.8903E-01  2.6075E-02  3.2601E-03  2.2815E-02  1.6717E-01
  8.0000E+00  1.7327E-02  1.7937E-01  1.4015E-01  2.8903E-01  1.1091E-01  2.6331E-02  8.4583E-02  6.1977E-01
  8.0000E+00  1.7327E-02  1.7937E-01  1.4015E-01  2.8903E-01  2.5024E-02  1.2167E-03  2.3807E-02  1.7444E-01
  8.0000E+00  1.7327E-02  1.7937E-01  1.4015E-01  2.8903E-01  1.6076E-02  5.2482E-04  1.5551E-02  1.1395E-01
  8.0000E+00  1.7327E-02  1.7937E-01  1.4015E-01  2.8903E-01  6.3982E-02  4.8675E-03  5.9114E-02  4.3315E-01
  8.0000E+00  1.7327E-02  1.7937E-01  1.4015E-01  2.8903E-01  1.5093E-02  2.8420E-05  1.5064E-02  1.1038E-01
  8.0000E+00  1.7327E-02  1.7937E-01  1.4015E-01  2.8903E-01  9.5864E-03  1.2657E-05  9.5738E-03  7.0151E-02
  8.0000E+00  1.7327E-02  1.7937E-01  1.4015E-01  2.8903E-01  3.3657E-02  1.4203E-04  3.3515E-02  2.4558E-01
  8.0000E+00  1.7327E-02  1.7937E-01  1.4015E-01  2.8903E-01  4.3253E-03  6.6385E-07  4.3246E-03  3.1688E-02
  8.0000E+00  1.7327E-02  1.7937E-01  1.4015E-01  2.8903E-01  6.5767E-03  2.9747E-07  6.5764E-03  4.8188E-02
  8.0000E+00  1.7327E-02  1.7937E-01  1.4015E-01  2.8903E-01  9.3679E-03  3.7406E-06  9.3642E-03  6.8615E-02
  9.0000E+00  1.7327E-02  1.7937E-01  1.4015E-01  2.8903E-01  0.0000E+00  0.0000E+00  0.0000E+00  0.0000E+00
  9.0000E+00  1.7327E-02  1.7937E-01  1.4015E-01  2.8903E-01  1.9669E+00  1.7358E+00  2.3105E-01  1.6930E+00
  9.0000E+00  1.7327E-02  1.7937E-01  1.4015E-01  2.8903E-01  2.1916E-01  7.9953E-02  1.3921E-01  1.0200E+00
  9.0000E+00  1.7327E-02  1.7937E-01  1.4015E-01  2.8903E-01  6.3538E-01  3.4520E-01  2.9017E-01  2.1262E+00
  9.0000E+00  1.7327E-02  1.7937E-01  1.4015E-01  2.8903E-01  1.3074E+00  1.1922E+00  1.1519E-01  8.4402E-01
  9.0000E+00  1.7327E-02  1.7937E-01  1.4015E-01  2.8903E-01  1.6775E-01  1.2690E-01  4.0849E-02  2.9931E-01
  9.0000E+00  1.7327E-02  1.7937E-01  1.4015E-01  2.8903E-01  6.0942E-01  5.7973E-01  2.9693E-02  2.1757E-01
  9.0000E+00  1.7327E-02  1.7937E-01  1.4015E-01  2.8903E-01  4.6867E-01  6.3742E-01 -1.6875E-01 -1.2365E+00
  9.0000E+00  1.7327E-02  1.7937E-01  1.4015E-01  2.8903E-01  1.4338E-01  1.1960E-01  2.3778E-02  1.7423E-01
  9.0000E+00  1.7327E-02  1.7937E-01  1.4015E-01  2.8903E-01  6.4427E-01  5.9762E-01  4.6651E-02  3.4183E-01
  9.0000E+00  1.7327E-02  1.7937E-01  1.4015E-01  2.8903E-01  3.8684E-01  3.4080E-01  4.6038E-02  3.3734E-01
  9.0000E+00  1.7327E-02  1.7937E-01  1.4015E-01  2.8903E-01  9.4490E-02  8.5055E-02  9.4345E-03  6.9130E-02
  9.0000E+00  1.7327E-02  1.7937E-01  1.4015E-01  2.8903E-01  4.0760E-01  4.6227E-01 -5.4665E-02 -4.0055E-01
  9.0000E+00  1.7327E-02  1.7937E-01  1.4015E-01  2.8903E-01  2.5985E-01  1.8221E-01  7.7639E-02  5.6889E-01
  9.0000E+00  1.7327E-02  1.7937E-01  1.4015E-01  2.8903E-01  8.4327E-02  5.4084E-02  3.0243E-02  2.2160E-01
  9.0000E+00  1.7327E-02  1.7937E-01  1.4015E-01  2.8903E-01  3.7647E-01  3.1799E-01  5.8481E-02  4.2851E-01
  9.0000E+00  1.7327E-02  1.7937E-01  1.4015E-01  2.8903E-01  1.9929E-01  5.2086E-02  1.4721E-01  1.0786E+00
  9.0000E+00  1.7327E-02  1.7937E-01  1.4015E-01  2.8903E-01  5.0445E-02  1.8770E-02  3.1675E-02  2.3210E-01
  9.0000E+00  1.7327E-02  1.7937E-01  1.4015E-01  2.8903E-01  2.4043E-01  1.2713E-01  1.1330E-01  8.3016E-01
  9.0000E+00  1.7327E-02  1.7937E-01  1.4015E-01  2.8903E-01  0.0000E+00  7.9606E-03  0.0000E+00  0.0000E+00
  9.0000E+00  1.7327E-02  1.7937E-01  1.4015E-01  2.8903E-01  0.0000E+00  3.2601E-03  0.0000E+00  0.0000E+00
  9.0000E+00  1.7327E-02  1.7937E-01  1.4015E-01  2.8903E-01  0.0000E+00  2.6331E-02  0.0000E+00  0.0000E+00
  9.0000E+00  1.7327E-02  1.7937E-01  1.4015E-01  2.8903E-01  2.8335E-02  1.2167E-03  2.7119E-02  1.9871E-01
  9.0000E+00  1.7327E-02  1.7937E-01  1.4015E-01  2.8903E-01  1.5050E-02  5.2482E-04  1.4526E-02  1.0643E-01
  9.0000E+00  1.7327E-02  1.7937E-01  1.4015E-01  2.8903E-01  5.6215E-02  4.8675E-03  5.1348E-02  3.7625E-01
  9.0000E+00  1.7327E-02  1.7937E-01  1.4015E-01  2.8903E-01  0.0000E+00  2.8420E-05  0.0000E+00  0.0000E+00
  9.0000E+00  1.7327E-02  1.7937E-01  1.4015E-01  2.8903E-01  2.1180E-02  1.2657E-05  2.1168E-02  1.5510E-01
  9.0000E+00  1.7327E-02  1.7937E-01  1.4015E-01  2.8903E-01  2.8069E-02  1.4203E-04  2.7927E-02  2.0463E-01
  9.0000E+00  1.7327E-02  1.7937E-01  1.4015E-01  2.8903E-01  2.3972E-03  6.6385E-07  2.3965E-03  1.7560E-02
  9.0000E+00  1.7327E-02  1.7937E-01  1.4015E-01  2.8903E-01  1.4148E-02  2.9747E-07  1.4148E-02  1.0366E-01
  9.0000E+00  1.7327E-02  1.7937E-01  1.4015E-01  2.8903E-01  7.0109E-03  3.7406E-06  7.0071E-03  5.1344E-02
  1.0000E+01  1.7327E-02  1.7937E-01  1.4015E-01  2.8903E-01  0.0000E+00  0.0000E+00  0.0000E+00  0.0000E+00
  1.0000E+01  1.7327E-02  1.7937E-01  1.4015E-01  2.8903E-01  1.2249E+00  1.7358E+00 -5.1090E-01 -3.7436E+00
  1.0000E+01  1.7327E-02  1.7937E-01  1.4015E-01  2.8903E-01  2.1278E-01  7.9953E-02  1.3283E-01  9.7329E-01
  1.0000E+01  1.7327E-02  1.7937E-01  1.4015E-01  2.8903E-01  4.5952E-01  3.4520E-01  1.1432E-01  8.3767E-01
  1.0000E+01  1.7327E-02  1.7937E-01  1.4015E-01  2.8903E-01  1.0414E+00  1.1922E+00 -1.5080E-01 -1.1050E+00
  1.0000E+01  1.7327E-02  1.7937E-01  1.4015E-01  2.8903E-01  1.7740E-01  1.2690E-01  5.0501E-02  3.7004E-01
  1.0000E+01  1.7327E-02  1.7937E-01  1.4015E-01  2.8903E-01  5.6877E-01  5.7973E-01 -1.0960E-02 -8.0310E-02
  1.0000E+01  1.7327E-02  1.7937E-01  1.4015E-01  2.8903E-01  5.3290E-01  6.3742E-01 -1.0452E-01 -7.6582E-01
  1.0000E+01  1.7327E-02  1.7937E-01  1.4015E-01  2.8903E-01  1.3067E-01  1.1960E-01  1.1063E-02  8.1059E-02
  1.0000E+01  1.7327E-02  1.7937E-01  1.4015E-01  2.8903E-01  4.3700E-01  5.9762E-01 -1.6062E-01 -1.1769E+00
  1.0000E+01  1.7327E-02  1.7937E-01  1.4015E-01  2.8903E-01  3.5149E-01  3.4080E-01  1.0689E-02  7.8319E-02
  1.0000E+01  1.7327E-02  1.7937E-01  1.4015E-01  2.8903E-01  8.9212E-02  8.5055E-02  4.1569E-03  3.0459E-02
  1.0000E+01  1.7327E-02  1.7937E-01  1.4015E-01  2.8903E-01  3.3382E-01  4.6227E-01 -1.2845E-01 -9.4119E-01
  1.0000E+01  1.7327E-02  1.7937E-01  1.4015E-01  2.8903E-01  2.3222E-01  1.8221E-01  5.0010E-02  3.6644E-01
  1.0000E+01  1.7327E-02  1.7937E-01  1.4015E-01  2.8903E-01  8.7086E-02  5.4084E-02  3.3002E-02  2.4182E-01
  1.0000E+01  1.7327E-02  1.7937E-01  1.4015E-01  2.8903E-01  3.4320E-01  3.1799E-01  2.5209E-02  1.8472E-01
  1.0000E+01  1.7327E-02  1.7937E-01  1.4015E-01  2.8903E-01  1.2559E-01  5.2086E-02  7.3506E-02  5.3861E-01
  1.0000E+01  1.7327E-02  1.7937E-01  1.4015E-01  2.8903E-01  6.4835E-02  1.8770E-02  4.6065E-02  3.3754E-01
  1.0000E+01  1.7327E-02  1.7937E-01  1.4015E-01  2.8903E-01  2.4018E-01  1.2713E-01  1.1305E-01  8.2835E-01
  1.0000E+01  1.7327E-02  1.7937E-01  1.4015E-01  2.8903E-01  5.0930E-02  7.9606E-03  4.2970E-02  3.1485E-01
  1.0000E+01  1.7327E-02  1.7937E-01  1.4015E-01  2.8903E-01  2.2871E-02  3.2601E-03  1.9610E-02  1.4369E-01
  1.0000E+01  1.7327E-02  1.7937E-01  1.4015E-01  2.8903E-01  8.7548E-02  2.6331E-02  6.1217E-02  4.4856E-01
  1.0000E+01  1.7327E-02  1.7937E-01  1.4015E-01  2.8903E-01  2.4198E-02  1.2167E-03  2.2981E-02  1.6839E-01
  1.0000E+01  1.7327E-02  1.7937E-01  1.4015E-01  2.8903E-01  1.3338E-02  5.2482E-04  1.2813E-02  9.3884E-02
  1.0000E+01  1.7327E-02  1.7937E-01  1.4015E-01  2.8903E-01  5.4574E-02  4.8675E-03  4.9707E-02  3.6422E-01
  1.0000E+01  1.7327E-02  1.7937E-01  1.4015E-01  2.8903E-01  1.1054E-02  2.8420E-05  1.1026E-02  8.0791E-02
  1.0000E+01  1.7327E-02  1.7937E-01  1.4015E-01  2.8903E-01  6.4459E-03  1.2657E-05  6.4332E-03  4.7139E-02
  1.0000E+01  1.7327E-02  1.7937E-01  1.4015E-01  2.8903E-01  1.7090E-02  1.4203E-04  1.6948E-02  1.2418E-01
  1.0000E+01  1.7327E-02  1.7937E-01  1.4015E-01  2.8903E-01  0.0000E+00  6.6385E-07  0.0000E+00  0.0000E+00
  1.0000E+01  1.7327E-02  1.7937E-01  1.4015E-01  2.8903E-01  0.0000E+00  2.9747E-07  0.0000E+00  0.0000E+00
  1.0000E+01  1.7327E-02  1.7937E-01  1.4015E-01  2.8903E-01  0.0000E+00  3.7406E-06  0.0000E+00  0.0000E+00
  1.1000E+01  1.7327E-02  1.7937E-01  1.4015E-01  2.8903E-01  0.0000E+00  0.0000E+00  0.0000E+00  0.0000E+00
  1.1000E+01  1.7327E-02  1.7937E-01  1.4015E-01  2.8903E-01  1.0038E+00  1.7358E+00 -7.3199E-01 -5.3636E+00
  1.1000E+01  1.7327E-02  1.7937E-01  1.4015E-01  2.8903E-01  1.1878E-01  7.9953E-02  3.8827E-02  2.8450E-01
  1.1000E+01  1.7327E-02  1.7937E-01  1.4015E-01  2.8903E-01  5.1009E-01  3.4520E-01  1.6488E-01  1.2082E+00
  1.1000E+01  1.7327E-02  1.7937E-01  1.4015E-01  2.8903E-01  6.3303E-01  1.1922E+00 -5.5918E-01 -4.0973E+00
  1.1000E+01  1.7327E-02  1.7937E-01  1.4015E-01  2.8903E-01  8.8295E-02  1.2690E-01 -3.8605E-02 -2.8288E-01
  1.1000E+01  1.7327E-02  1.7937E-01  1.4015E-01  2.8903E-01  5.5544E-01  5.7973E-01 -2.4288E-02 -1.7797E-01
  1.1000E+01  1.7327E-02  1.7937E-01  1.4015E-01  2.8903E-01  5.0771E-01  6.3742E-01 -1.2971E-01 -9.5044E-01
  1.1000E+01  1.7327E-02  1.7937E-01  1.4015E-01  2.8903E-01  1.0341E-01  1.1960E-01 -1.6196E-02 -1.1868E-01
  1.1000E+01  1.7327E-02  1.7937E-01  1.4015E-01  2.8903E-01  4.8240E-01  5.9762E-01 -1.1522E-01 -8.4427E-01
  1.1000E+01  1.7327E-02  1.7937E-01  1.4015E-01  2.8903E-01  3.6357E-01  3.4080E-01  2.2768E-02  1.6683E-01
  1.1000E+01  1.7327E-02  1.7937E-01  1.4015E-01  2.8903E-01  5.8470E-02  8.5055E-02 -2.6585E-02 -1.9480E-01
  1.1000E+01  1.7327E-02  1.7937E-01  1.4015E-01  2.8903E-01  3.0140E-01  4.6227E-01 -1.6087E-01 -1.1788E+00
  1.1000E+01  1.7327E-02  1.7937E-01  1.4015E-01  2.8903E-01  2.3682E-01  1.8221E-01  5.4611E-02  4.0015E-01
  1.1000E+01  1.7327E-02  1.7937E-01  1.4015E-01  2.8903E-01  7.9173E-02  5.4084E-02  2.5089E-02  1.8383E-01
  1.1000E+01  1.7327E-02  1.7937E-01  1.4015E-01  2.8903E-01  3.7137E-01  3.1799E-01  5.3383E-02  3.9116E-01
  1.1000E+01  1.7327E-02  1.7937E-01  1.4015E-01  2.8903E-01  1.2882E-01  5.2086E-02  7.6736E-02  5.6227E-01
  1.1000E+01  1.7327E-02  1.7937E-01  1.4015E-01  2.8903E-01  3.6838E-02  1.8770E-02  1.8069E-02  1.3240E-01
  1.1000E+01  1.7327E-02  1.7937E-01  1.4015E-01  2.8903E-01  2.1311E-01  1.2713E-01  8.5981E-02  6.3001E-01
  1.1000E+01  1.7327E-02  1.7937E-01  1.4015E-01  2.8903E-01  4.7880E-02  7.9606E-03  3.9919E-02  2.9251E-01
  1.1000E+01  1.7327E-02  1.7937E-01  1.4015E-01  2.8903E-01  2.1183E-02  3.2601E-03  1.7922E-02  1.3132E-01
  1.1000E+01  1.7327E-02  1.7937E-01  1.4015E-01  2.8903E-01  1.1896E-01  2.6331E-02  9.2626E-02  6.7870E-01
  1.1000E+01  1.7327E-02  1.7937E-01  1.4015E-01  2.8903E-01  2.3554E-02  1.2167E-03  2.2337E-02  1.6367E-01
  1.1000E+01  1.7327E-02  1.7937E-01  1.4015E-01  2.8903E-01  1.1155E-02  5.2482E-04  1.0630E-02  7.7891E-02
  1.1000E+01  1.7327E-02  1.7937E-01  1.4015E-01  2.8903E-01  6.4706E-02  4.8675E-03  5.9838E-02  4.3846E-01
  1.1000E+01  1.7327E-02  1.7937E-01  1.4015E-01  2.8903E-01  1.2797E-02  2.8420E-05  1.2769E-02  9.3563E-02
  1.1000E+01  1.7327E-02  1.7937E-01  1.4015E-01  2.8903E-01  6.0114E-03  1.2657E-05  5.9988E-03  4.3955E-02
  1.1000E+01  1.7327E-02  1.7937E-01  1.4015E-01  2.8903E-01  2.2397E-02  1.4203E-04  2.2255E-02  1.6307E-01
  1.1000E+01  1.7327E-02  1.7937E-01  1.4015E-01  2.8903E-01  2.4053E-03  6.6385E-07  2.4047E-03  1.7620E-02
  1.1000E+01  1.7327E-02  1.7937E-01  1.4015E-01  2.8903E-01  2.8506E-03  2.9747E-07  2.8503E-03  2.0886E-02
  1.1000E+01  1.7327E-02  1.7937E-01  1.4015E-01  2.8903E-01  8.1591E-03  3.7406E-06  8.1553E-03  5.9757E-02
  1.2000E+01  1.7327E-02  1.7937E-01  1.4015E-01  2.8903E-01  0.0000E+00  0.0000E+00  0.0000E+00  0.0000E+00
  1.2000E+01  1.7327E-02  1.7937E-01  1.4015E-01  2.8903E-01  1.4707E+00  1.7358E+00 -2.6511E-01 -1.9425E+00
  1.2000E+01  1.7327E-02  1.7937E-01  1.4015E-01  2.8903E-01  1.3525E-01  7.9953E-02  5.5296E-02  4.0518E-01
  1.2000E+01  1.7327E-02  1.7937E-01  1.4015E-01  2.8903E-01  2.5100E-01  3.4520E-01 -9.4199E-02 -6.9023E-01
  1.2000E+01  1.7327E-02  1.7937E-01  1.4015E-01  2.8903E-01  9.7574E-01  1.1922E+00 -2.1646E-01 -1.5861E+00
  1.2000E+01  1.7327E-02  1.7937E-01  1.4015E-01  2.8903E-01  1.1392E-01  1.2690E-01 -1.2978E-02 -9.5097E-02
  1.2000E+01  1.7327E-02  1.7937E-01  1.4015E-01  2.8903E-01  3.9557E-01  5.7973E-01 -1.8416E-01 -1.3494E+00
  1.2000E+01  1.7327E-02  1.7937E-01  1.4015E-01  2.8903E-01  5.4332E-01  6.3742E-01 -9.4096E-02 -6.8947E-01
  1.2000E+01  1.7327E-02  1.7937E-01  1.4015E-01  2.8903E-01  8.9643E-02  1.1960E-01 -2.9961E-02 -2.1954E-01
  1.2000E+01  1.7327E-02  1.7937E-01  1.4015E-01  2.8903E-01  3.3073E-01  5.9762E-01 -2.6689E-01 -1.9556E+00
  1.2000E+01  1.7327E-02  1.7937E-01  1.4015E-01  2.8903E-01  3.3943E-01  3.4080E-01 -1.3723E-03 -1.0056E-02
  1.2000E+01  1.7327E-02  1.7937E-01  1.4015E-01  2.8903E-01  5.6449E-02  8.5055E-02 -2.8606E-02 -2.0961E-01
  1.2000E+01  1.7327E-02  1.7937E-01  1.4015E-01  2.8903E-01  2.5135E-01  4.6227E-01 -2.1092E-01 -1.5455E+00
  1.2000E+01  1.7327E-02  1.7937E-01  1.4015E-01  2.8903E-01  1.7378E-01  1.8221E-01 -8.4342E-03 -6.1801E-02
  1.2000E+01  1.7327E-02  1.7937E-01  1.4015E-01  2.8903E-01  5.2962E-02  5.4084E-02 -1.1228E-03 -8.2272E-03
  1.2000E+01  1.7327E-02  1.7937E-01  1.4015E-01  2.8903E-01  2.1948E-01  3.1799E-01 -9.8501E-02 -7.2176E-01
  1.2000E+01  1.7327E-02  1.7937E-01  1.4015E-01  2.8903E-01  9.4495E-02  5.2086E-02  4.2409E-02  3.1074E-01
  1.2000E+01  1.7327E-02  1.7937E-01  1.4015E-01  2.8903E-01  3.2102E-02  1.8770E-02  1.3332E-02  9.7690E-02
  1.2000E+01  1.7327E-02  1.7937E-01  1.4015E-01  2.8903E-01  1.7671E-01  1.2713E-01  4.9578E-02  3.6328E-01
  1.2000E+01  1.7327E-02  1.7937E-01  1.4015E-01  2.8903E-01  6.5613E-02  7.9606E-03  5.7652E-02  4.2244E-01
  1.2000E+01  1.7327E-02  1.7937E-01  1.4015E-01  2.8903E-01  1.8465E-02  3.2601E-03  1.5205E-02  1.1141E-01
  1.2000E+01  1.7327E-02  1.7937E-01  1.4015E-01  2.8903E-01  8.3030E-02  2.6331E-02  5.6699E-02  4.1546E-01
  1.2000E+01  1.7327E-02  1.7937E-01  1.4015E-01  2.8903E-01  2.5578E-02  1.2167E-03  2.4361E-02  1.7850E-01
  1.2000E+01  1.7327E-02  1.7937E-01  1.4015E-01  2.8903E-01  1.0684E-02  5.2482E-04  1.0159E-02  7.4437E-02
  1.2000E+01  1.7327E-02  1.7937E-01  1.4015E-01  2.8903E-01  4.7306E-02  4.8675E-03  4.2438E-02  3.1096E-01
  1.2000E+01  1.7327E-02  1.7937E-01  1.4015E-01  2.8903E-01  1.0529E-02  2.8420E-05  1.0500E-02  7.6940E-02
  1.2000E+01  1.7327E-02  1.7937E-01  1.4015E-01  2.8903E-01  8.8462E-03  1.2657E-05  8.8335E-03  6.4727E-02
  1.2000E+01  1.7327E-02  1.7937E-01  1.4015E-01  2.8903E-01  1.9697E-02  1.4203E-04  1.9555E-02  1.4329E-01
  1.2000E+01  1.7327E-02  1.7937E-01  1.4015E-01  2.8903E-01  4.7941E-03  6.6385E-07  4.7934E-03  3.5123E-02
  1.2000E+01  1.7327E-02  1.7937E-01  1.4015E-01  2.8903E-01  4.4284E-03  2.9747E-07  4.4281E-03  3.2446E-02
  1.2000E+01  1.7327E-02  1.7937E-01  1.4015E-01  2.8903E-01  8.2189E-03  3.7406E-06  8.2152E-03  6.0196E-02
  1.3000E+01  1.7327E-02  1.7937E-01  1.4015E-01  2.8903E-01  0.0000E+00  0.0000E+00  0.0000E+00  0.0000E+00
  1.3000E+01  1.7327E-02  1.7937E-01  1.4015E-01  2.8903E-01  5.2896E+00  4.3392E+00  9.5043E-01  6.9642E+00
  1.3000E+01  1.7327E-02  1.7937E-01  1.4015E-01  2.8903E-01  4.0814E-01  1.9987E-01  2.0827E-01  1.5261E+00
  1.3000E+01  1.7327E-02  1.7937E-01  1.4015E-01  2.8903E-01  1.4602E+00  8.6294E-01  5.9729E-01  4.3765E+00
  1.3000E+01  1.7327E-02  1.7937E-01  1.4015E-01  2.8903E-01  2.1868E+00  2.9803E+00 -7.9349E-01 -5.8142E+00
  1.3000E+01  1.7327E-02  1.7937E-01  1.4015E-01  2.8903E-01  1.8985E-01  3.1723E-01 -1.2738E-01 -9.3333E-01
  1.3000E+01  1.7327E-02  1.7937E-01  1.4015E-01  2.8903E-01  1.3733E+00  1.4492E+00 -7.5951E-02 -5.5652E-01
  1.3000E+01  1.7327E-02  1.7937E-01  1.4015E-01  2.8903E-01  1.6590E+00  1.5934E+00  6.5563E-02  4.8041E-01
  1.3000E+01  1.7327E-02  1.7937E-01  1.4015E-01  2.8903E-01  2.3707E-01  2.9899E-01 -6.1913E-02 -4.5366E-01
  1.3000E+01  1.7327E-02  1.7937E-01  1.4015E-01  2.8903E-01  1.3221E+00  1.4939E+00 -1.7184E-01 -1.2591E+00
  1.3000E+01  1.7327E-02  1.7937E-01  1.4015E-01  2.8903E-01  1.0399E+00  8.5193E-01  1.8797E-01  1.3773E+00
  1.3000E+01  1.7327E-02  1.7937E-01  1.4015E-01  2.8903E-01  1.8484E-01  2.1262E-01 -2.7778E-02 -2.0354E-01
  1.3000E+01  1.7327E-02  1.7937E-01  1.4015E-01  2.8903E-01  1.0739E+00  1.1556E+00 -8.1713E-02 -5.9874E-01
  1.3000E+01  1.7327E-02  1.7937E-01  1.4015E-01  2.8903E-01  0.0000E+00  4.5549E-01  0.0000E+00  0.0000E+00
  1.3000E+01  1.7327E-02  1.7937E-01  1.4015E-01  2.8903E-01  0.0000E+00  1.3520E-01  0.0000E+00  0.0000E+00
  1.3000E+01  1.7327E-02  1.7937E-01  1.4015E-01  2.8903E-01  0.0000E+00  7.9490E-01  0.0000E+00  0.0000E+00
  1.3000E+01  1.7327E-02  1.7937E-01  1.4015E-01  2.8903E-01  3.0822E-01  1.3021E-01  1.7801E-01  1.3044E+00
  1.3000E+01  1.7327E-02  1.7937E-01  1.4015E-01  2.8903E-01  1.2398E-01  4.6921E-02  7.7058E-02  5.6463E-01
  1.3000E+01  1.7327E-02  1.7937E-01  1.4015E-01  2.8903E-01  7.9276E-01  3.1780E-01  4.7496E-01  3.4802E+00
  1.3000E+01  1.7327E-02  1.7937E-01  1.4015E-01  2.8903E-01  1.5984E-01  1.9900E-02  1.3994E-01  1.0254E+00
  1.3000E+01  1.7327E-02  1.7937E-01  1.4015E-01  2.8903E-01  6.1330E-02  8.1497E-03  5.3181E-02  3.8967E-01
  1.3000E+01  1.7327E-02  1.7937E-01  1.4015E-01  2.8903E-01  3.7010E-01  6.5823E-02  3.0428E-01  2.2296E+00
  1.3000E+01  1.7327E-02  1.7937E-01  1.4015E-01  2.8903E-01  7.8313E-02  3.0414E-03  7.5271E-02  5.5154E-01
  1.3000E+01  1.7327E-02  1.7937E-01  1.4015E-01  2.8903E-01  2.8914E-02  1.3120E-03  2.7602E-02  2.0225E-01
  1.3000E+01  1.7327E-02  1.7937E-01  1.4015E-01  2.8903E-01  1.6137E-01  1.2168E-02  1.4920E-01  1.0932E+00
  1.3000E+01  1.7327E-02  1.7937E-01  1.4015E-01  2.8903E-01  2.0922E-02  7.1044E-05  2.0851E-02  1.5278E-01
  1.3000E+01  1.7327E-02  1.7937E-01  1.4015E-01  2.8903E-01  8.3310E-03  3.1639E-05  8.2994E-03  6.0813E-02
  1.3000E+01  1.7327E-02  1.7937E-01  1.4015E-01  2.8903E-01  6.0035E-02  3.5505E-04  5.9680E-02  4.3730E-01
  1.3000E+01  1.7327E-02  1.7937E-01  1.4015E-01  2.8903E-01  1.1471E-02  1.6595E-06  1.1470E-02  8.4043E-02
  1.3000E+01  1.7327E-02  1.7937E-01  1.4015E-01  2.8903E-01  7.1323E-03  7.4363E-07  7.1316E-03  5.2256E-02
  1.3000E+01  1.7327E-02  1.7937E-01  1.4015E-01  2.8903E-01  2.7680E-02  9.3507E-06  2.7670E-02  2.0275E-01
  1.4000E+01  1.7327E-02  1.7937E-01  1.4015E-01  2.8903E-01  0.0000E+00  0.0000E+00  0.0000E+00  0.0000E+00
  1.4000E+01  1.7327E-02  1.7937E-01  1.4015E-01  2.8903E-01  4.1737E+00  4.3392E+00 -1.6552E-01 -1.2129E+00
  1.4000E+01  1.7327E-02  1.7937E-01  1.4015E-01  2.8903E-01  5.1596E-01  1.9987E-01  3.1609E-01  2.3161E+00
  1.4000E+01  1.7327E-02  1.7937E-01  1.4015E-01  2.8903E-01  1.3113E+00  8.6294E-01  4.4836E-01  3.2853E+00
  1.4000E+01  1.7327E-02  1.7937E-01  1.4015E-01  2.8903E-01  2.4322E+00  2.9803E+00 -5.4804E-01 -4.0157E+00
  1.4000E+01  1.7327E-02  1.7937E-01  1.4015E-01  2.8903E-01  3.1416E-01  3.1723E-01 -3.0620E-03 -2.2436E-02
  1.4000E+01  1.7327E-02  1.7937E-01  1.4015E-01  2.8903E-01  1.6117E+00  1.4492E+00  1.6245E-01  1.1903E+00
  1.4000E+01  1.7327E-02  1.7937E-01  1.4015E-01  2.8903E-01  1.2701E+00  1.5934E+00 -3.2337E-01 -2.3694E+00
  1.4000E+01  1.7327E-02  1.7937E-01  1.4015E-01  2.8903E-01  2.7419E-01  2.9899E-01 -2.4798E-02 -1.8170E-01
  1.4000E+01  1.7327E-02  1.7937E-01  1.4015E-01  2.8903E-01  1.3613E+00  1.4939E+00 -1.3263E-01 -9.7181E-01
  1.4000E+01  1.7327E-02  1.7937E-01  1.4015E-01  2.8903E-01  7.7652E-01  8.5193E-01 -7.5413E-02 -5.5258E-01
  1.4000E+01  1.7327E-02  1.7937E-01  1.4015E-01  2.8903E-01  2.0205E-01  2.1262E-01 -1.0572E-02 -7.7467E-02
  1.4000E+01  1.7327E-02  1.7937E-01  1.4015E-01  2.8903E-01  1.0192E+00  1.1556E+00 -1.3636E-01 -9.9914E-01
  1.4000E+01  1.7327E-02  1.7937E-01  1.4015E-01  2.8903E-01  4.1187E-01  4.5549E-01 -4.3621E-02 -3.1963E-01
  1.4000E+01  1.7327E-02  1.7937E-01  1.4015E-01  2.8903E-01  1.3340E-01  1.3520E-01 -1.8005E-03 -1.3193E-02
  1.4000E+01  1.7327E-02  1.7937E-01  1.4015E-01  2.8903E-01  9.3646E-01  7.9490E-01  1.4155E-01  1.0372E+00
  1.4000E+01  1.7327E-02  1.7937E-01  1.4015E-01  2.8903E-01  1.7584E-01  1.3021E-01  4.5634E-02  3.3438E-01
  1.4000E+01  1.7327E-02  1.7937E-01  1.4015E-01  2.8903E-01  4.3767E-02  4.6921E-02 -3.1535E-03 -2.3107E-02
  1.4000E+01  1.7327E-02  1.7937E-01  1.4015E-01  2.8903E-01  4.8285E-01  3.1780E-01  1.6505E-01  1.2093E+00
  1.4000E+01  1.7327E-02  1.7937E-01  1.4015E-01  2.8903E-01  5.1087E-02  1.9900E-02  3.1187E-02  2.2852E-01
  1.4000E+01  1.7327E-02  1.7937E-01  1.4015E-01  2.8903E-01  2.6637E-02  8.1497E-03  1.8488E-02  1.3547E-01
  1.4000E+01  1.7327E-02  1.7937E-01  1.4015E-01  2.8903E-01  2.1067E-01  6.5823E-02  1.4485E-01  1.0614E+00
  1.4000E+01  1.7327E-02  1.7937E-01  1.4015E-01  2.8903E-01  2.7608E-02  3.0414E-03  2.4566E-02  1.8001E-01
  1.4000E+01  1.7327E-02  1.7937E-01  1.4015E-01  2.8903E-01  1.9696E-02  1.3120E-03  1.8384E-02  1.3471E-01
  1.4000E+01  1.7327E-02  1.7937E-01  1.4015E-01  2.8903E-01  1.1680E-01  1.2168E-02  1.0463E-01  7.6667E-01
  1.4000E+01  1.7327E-02  1.7937E-01  1.4015E-01  2.8903E-01  1.1469E-02  7.1044E-05  1.1398E-02  8.3515E-02
  1.4000E+01  1.7327E-02  1.7937E-01  1.4015E-01  2.8903E-01  2.4616E-02  3.1639E-05  2.4585E-02  1.8014E-01
  1.4000E+01  1.7327E-02  1.7937E-01  1.4015E-01  2.8903E-01  5.1504E-02  3.5505E-04  5.1148E-02  3.7478E-01
  1.4000E+01  1.7327E-02  1.7937E-01  1.4015E-01  2.8903E-01  5.0138E-03  1.6595E-06  5.0121E-03  3.6726E-02
  1.4000E+01  1.7327E-02  1.7937E-01  1.4015E-01  2.8903E-01  1.0696E-02  7.4363E-07  1.0695E-02  7.8365E-02
  1.4000E+01  1.7327E-02  1.7937E-01  1.4015E-01  2.8903E-01  1.8290E-02  9.3507E-06  1.8281E-02  1.3395E-01
  1.5000E+01  1.7327E-02  1.7937E-01  1.4015E-01  2.8903E-01  0.0000E+00  0.0000E+00  0.0000E+00  0.0000E+00
  1.5000E+01  1.7327E-02  1.7937E-01  1.4015E-01  2.8903E-01  5.4638E+00  4.3392E+00  1.1246E+00  8.2402E+00
  1.5000E+01  1.7327E-02  1.7937E-01  1.4015E-01  2.8903E-01  2.6161E-01  1.9987E-01  6.1747E-02  4.5244E-01
  1.5000E+01  1.7327E-02  1.7937E-01  1.4015E-01  2.8903E-01  1.4760E+00  8.6294E-01  6.1311E-01  4.4925E+00
  1.5000E+01  1.7327E-02  1.7937E-01  1.4015E-01  2.8903E-01  3.9053E+00  2.9803E+00  9.2503E-01  6.7781E+00
  1.5000E+01  1.7327E-02  1.7937E-01  1.4015E-01  2.8903E-01  2.3471E-01  3.1723E-01 -8.2520E-02 -6.0465E-01
  1.5000E+01  1.7327E-02  1.7937E-01  1.4015E-01  2.8903E-01  2.0920E+00  1.4492E+00  6.4282E-01  4.7102E+00
  1.5000E+01  1.7327E-02  1.7937E-01  1.4015E-01  2.8903E-01  1.5150E+00  1.5934E+00 -7.8387E-02 -5.7437E-01
  1.5000E+01  1.7327E-02  1.7937E-01  1.4015E-01  2.8903E-01  1.8628E-01  2.9899E-01 -1.1271E-01 -8.2586E-01
  1.5000E+01  1.7327E-02  1.7937E-01  1.4015E-01  2.8903E-01  1.5880E+00  1.4939E+00  9.4106E-02  6.8955E-01
  1.5000E+01  1.7327E-02  1.7937E-01  1.4015E-01  2.8903E-01  1.3804E+00  8.5193E-01  5.2850E-01  3.8725E+00
  1.5000E+01  1.7327E-02  1.7937E-01  1.4015E-01  2.8903E-01  2.6872E-01  2.1262E-01  5.6102E-02  4.1108E-01
  1.5000E+01  1.7327E-02  1.7937E-01  1.4015E-01  2.8903E-01  1.4340E+00  1.1556E+00  2.7839E-01  2.0399E+00
  1.5000E+01  1.7327E-02  1.7937E-01  1.4015E-01  2.8903E-01  7.0131E-01  4.5549E-01  2.4581E-01  1.8012E+00
  1.5000E+01  1.7327E-02  1.7937E-01  1.4015E-01  2.8903E-01  1.9216E-01  1.3520E-01  5.6959E-02  4.1736E-01
  1.5000E+01  1.7327E-02  1.7937E-01  1.4015E-01  2.8903E-01  1.0378E+00  7.9490E-01  2.4289E-01  1.7798E+00
  1.5000E+01  1.7327E-02  1.7937E-01  1.4015E-01  2.8903E-01  3.5248E-01  1.3021E-01  2.2227E-01  1.6287E+00
  1.5000E+01  1.7327E-02  1.7937E-01  1.4015E-01  2.8903E-01  1.0877E-01  4.6921E-02  6.1853E-02  4.5322E-01
  1.5000E+01  1.7327E-02  1.7937E-01  1.4015E-01  2.8903E-01  6.0981E-01  3.1780E-01  2.9201E-01  2.1397E+00
  1.5000E+01  1.7327E-02  1.7937E-01  1.4015E-01  2.8903E-01  9.9744E-02  1.9900E-02  7.9844E-02  5.8505E-01
  1.5000E+01  1.7327E-02  1.7937E-01  1.4015E-01  2.8903E-01  3.8899E-02  8.1497E-03  3.0750E-02  2.2531E-01
  1.5000E+01  1.7327E-02  1.7937E-01  1.4015E-01  2.8903E-01  2.5551E-01  6.5823E-02  1.8969E-01  1.3899E+00
  1.5000E+01  1.7327E-02  1.7937E-01  1.4015E-01  2.8903E-01  5.5427E-02  3.0414E-03  5.2386E-02  3.8385E-01
  1.5000E+01  1.7327E-02  1.7937E-01  1.4015E-01  2.8903E-01  2.0008E-02  1.3120E-03  1.8696E-02  1.3700E-01
  1.5000E+01  1.7327E-02  1.7937E-01  1.4015E-01  2.8903E-01  1.2271E-01  1.2168E-02  1.1054E-01  8.0999E-01
  1.5000E+01  1.7327E-02  1.7937E-01  1.4015E-01  2.8903E-01  2.3983E-02  7.1044E-05  2.3912E-02  1.7521E-01
  1.5000E+01  1.7327E-02  1.7937E-01  1.4015E-01  2.8903E-01  1.5077E-02  3.1639E-05  1.5045E-02  1.1024E-01
  1.5000E+01  1.7327E-02  1.7937E-01  1.4015E-01  2.8903E-01  5.1725E-02  3.5505E-04  5.1370E-02  3.7641E-01
  1.5000E+01  1.7327E-02  1.7937E-01  1.4015E-01  2.8903E-01  8.2896E-03  1.6595E-06  8.2879E-03  6.0729E-02
  1.5000E+01  1.7327E-02  1.7937E-01  1.4015E-01  2.8903E-01  1.2758E-02  7.4363E-07  1.2757E-02  9.3475E-02
  1.5000E+01  1.7327E-02  1.7937E-01  1.4015E-01  2.8903E-01  2.8453E-02  9.3507E-06  2.8444E-02  2.0842E-01
  1.6000E+01  1.7327E-02  1.7937E-01  1.4015E-01  2.8903E-01  0.0000E+00  0.0000E+00  0.0000E+00  0.0000E+00
  1.6000E+01  1.7327E-02  1.7937E-01  1.4015E-01  2.8903E-01  4.2058E+00  4.3392E+00 -1.3342E-01 -9.7760E-01
  1.6000E+01  1.7327E-02  1.7937E-01  1.4015E-01  2.8903E-01  2.8943E-01  1.9987E-01  8.9564E-02  6.5627E-01
  1.6000E+01  1.7327E-02  1.7937E-01  1.4015E-01  2.8903E-01  8.3811E-01  8.6294E-01 -2.4827E-02 -1.8192E-01
  1.6000E+01  1.7327E-02  1.7937E-01  1.4015E-01  2.8903E-01  2.9212E+00  2.9803E+00 -5.9081E-02 -4.3291E-01
  1.6000E+01  1.7327E-02  1.7937E-01  1.4015E-01  2.8903E-01  2.4877E-01  3.1723E-01 -6.8454E-02 -5.0159E-01
  1.6000E+01  1.7327E-02  1.7937E-01  1.4015E-01  2.8903E-01  1.1572E+00  1.4492E+00 -2.9204E-01 -2.1399E+00
  1.6000E+01  1.7327E-02  1.7937E-01  1.4015E-01  2.8903E-01  1.6163E+00  1.5934E+00  2.2888E-02  1.6771E-01
  1.6000E+01  1.7327E-02  1.7937E-01  1.4015E-01  2.8903E-01  2.2331E-01  2.9899E-01 -7.5678E-02 -5.5452E-01
  1.6000E+01  1.7327E-02  1.7937E-01  1.4015E-01  2.8903E-01  1.1057E+00  1.4939E+00 -3.8820E-01 -2.8445E+00
  1.6000E+01  1.7327E-02  1.7937E-01  1.4015E-01  2.8903E-01  9.3682E-01  8.5193E-01  8.4886E-02  6.2199E-01
  1.6000E+01  1.7327E-02  1.7937E-01  1.4015E-01  2.8903E-01  1.5498E-01  2.1262E-01 -5.7645E-02 -4.2239E-01
  1.6000E+01  1.7327E-02  1.7937E-01  1.4015E-01  2.8903E-01  7.7916E-01  1.1556E+00 -3.7641E-01 -2.7581E+00
  1.6000E+01  1.7327E-02  1.7937E-01  1.4015E-01  2.8903E-01  5.7028E-01  4.5549E-01  1.1479E-01  8.4110E-01
  1.6000E+01  1.7327E-02  1.7937E-01  1.4015E-01  2.8903E-01  1.5388E-01  1.3520E-01  1.8683E-02  1.3690E-01
  1.6000E+01  1.7327E-02  1.7937E-01  1.4015E-01  2.8903E-01  7.7562E-01  7.9490E-01 -1.9279E-02 -1.4126E-01
  1.6000E+01  1.7327E-02  1.7937E-01  1.4015E-01  2.8903E-01  3.3792E-01  1.3021E-01  2.0771E-01  1.5220E+00
  1.6000E+01  1.7327E-02  1.7937E-01  1.4015E-01  2.8903E-01  9.5018E-02  4.6921E-02  4.8098E-02  3.5243E-01
  1.6000E+01  1.7327E-02  1.7937E-01  1.4015E-01  2.8903E-01  4.6384E-01  3.1780E-01  1.4604E-01  1.0701E+00
  1.6000E+01  1.7327E-02  1.7937E-01  1.4015E-01  2.8903E-01  1.0767E-01  1.9900E-02  8.7766E-02  6.4310E-01
  1.6000E+01  1.7327E-02  1.7937E-01  1.4015E-01  2.8903E-01  3.3552E-02  8.1497E-03  2.5402E-02  1.8613E-01
  1.6000E+01  1.7327E-02  1.7937E-01  1.4015E-01  2.8903E-01  1.9386E-01  6.5823E-02  1.2804E-01  9.3819E-01
  1.6000E+01  1.7327E-02  1.7937E-01  1.4015E-01  2.8903E-01  4.3657E-02  3.0414E-03  4.0616E-02  2.9761E-01
  1.6000E+01  1.7327E-02  1.7937E-01  1.4015E-01  2.8903E-01  1.9833E-02  1.3120E-03  1.8522E-02  1.3571E-01
  1.6000E+01  1.7327E-02  1.7937E-01  1.4015E-01  2.8903E-01  1.0360E-01  1.2168E-02  9.1434E-02  6.6997E-01
  1.6000E+01  1.7327E-02  1.7937E-01  1.4015E-01  2.8903E-01  1.9072E-02  7.1044E-05  1.9001E-02  1.3922E-01
  1.6000E+01  1.7327E-02  1.7937E-01  1.4015E-01  2.8903E-01  9.6593E-03  3.1639E-05  9.6277E-03  7.0546E-02
  1.6000E+01  1.7327E-02  1.7937E-01  1.4015E-01  2.8903E-01  4.6618E-02  3.5505E-04  4.6263E-02  3.3899E-01
  1.6000E+01  1.7327E-02  1.7937E-01  1.4015E-01  2.8903E-01  1.4771E-02  1.6595E-06  1.4769E-02  1.0822E-01
  1.6000E+01  1.7327E-02  1.7937E-01  1.4015E-01  2.8903E-01  6.2821E-03  7.4363E-07  6.2813E-03  4.6026E-02
  1.6000E+01  1.7327E-02  1.7937E-01  1.4015E-01  2.8903E-01  1.6070E-02  9.3507E-06  1.6060E-02  1.1768E-01
  1.7000E+01  1.7327E-02  1.7937E-01  1.4015E-01  2.8903E-01  0.0000E+00  0.0000E+00  0.0000E+00  0.0000E+00
  1.7000E+01  1.7327E-02  1.7937E-01  1.4015E-01  2.8903E-01  4.5478E+00  4.3392E+00  2.0861E-01  1.5285E+00
  1.7000E+01  1.7327E-02  1.7937E-01  1.4015E-01  2.8903E-01  3.9063E-01  1.9987E-01  1.9076E-01  1.3978E+00
  1.7000E+01  1.7327E-02  1.7937E-01  1.4015E-01  2.8903E-01  1.2048E+00  8.6294E-01  3.4187E-01  2.5050E+00
  1.7000E+01  1.7327E-02  1.7937E-01  1.4015E-01  2.8903E-01  3.1255E+00  2.9803E+00  1.4521E-01  1.0640E+00
  1.7000E+01  1.7327E-02  1.7937E-01  1.4015E-01  2.8903E-01  2.9385E-01  3.1723E-01 -2.3372E-02 -1.7125E-01
  1.7000E+01  1.7327E-02  1.7937E-01  1.4015E-01  2.8903E-01  1.5121E+00  1.4492E+00  6.2936E-02  4.6115E-01
  1.7000E+01  1.7327E-02  1.7937E-01  1.4015E-01  2.8903E-01  2.0996E+00  1.5934E+00  5.0613E-01  3.7086E+00
  1.7000E+01  1.7327E-02  1.7937E-01  1.4015E-01  2.8903E-01  3.1643E-01  2.9899E-01  1.7444E-02  1.2782E-01
  1.7000E+01  1.7327E-02  1.7937E-01  1.4015E-01  2.8903E-01  1.5447E+00  1.4939E+00  5.0745E-02  3.7183E-01
  1.7000E+01  1.7327E-02  1.7937E-01  1.4015E-01  2.8903E-01  9.9983E-01  8.5193E-01  1.4789E-01  1.0837E+00
  1.7000E+01  1.7327E-02  1.7937E-01  1.4015E-01  2.8903E-01  1.6238E-01  2.1262E-01 -5.0238E-02 -3.6811E-01
  1.7000E+01  1.7327E-02  1.7937E-01  1.4015E-01  2.8903E-01  1.0184E+00  1.1556E+00 -1.3716E-01 -1.0050E+00
  1.7000E+01  1.7327E-02  1.7937E-01  1.4015E-01  2.8903E-01  6.5338E-01  4.5549E-01  1.9789E-01  1.4500E+00
  1.7000E+01  1.7327E-02  1.7937E-01  1.4015E-01  2.8903E-01  2.0397E-01  1.3520E-01  6.8773E-02  5.0393E-01
  1.7000E+01  1.7327E-02  1.7937E-01  1.4015E-01  2.8903E-01  9.9637E-01  7.9490E-01  2.0146E-01  1.4762E+00
  1.7000E+01  1.7327E-02  1.7937E-01  1.4015E-01  2.8903E-01  3.4256E-01  1.3021E-01  2.1236E-01  1.5560E+00
  1.7000E+01  1.7327E-02  1.7937E-01  1.4015E-01  2.8903E-01  1.2828E-01  4.6921E-02  8.1360E-02  5.9616E-01
  1.7000E+01  1.7327E-02  1.7937E-01  1.4015E-01  2.8903E-01  6.2960E-01  3.1780E-01  3.1180E-01  2.2847E+00
  1.7000E+01  1.7327E-02  1.7937E-01  1.4015E-01  2.8903E-01  1.3841E-01  1.9900E-02  1.1851E-01  8.6839E-01
  1.7000E+01  1.7327E-02  1.7937E-01  1.4015E-01  2.8903E-01  5.0818E-02  8.1497E-03  4.2669E-02  3.1265E-01
  1.7000E+01  1.7327E-02  1.7937E-01  1.4015E-01  2.8903E-01  2.7534E-01  6.5823E-02  2.0952E-01  1.5352E+00
  1.7000E+01  1.7327E-02  1.7937E-01  1.4015E-01  2.8903E-01  6.8563E-02  3.0414E-03  6.5522E-02  4.8010E-01
  1.7000E+01  1.7327E-02  1.7937E-01  1.4015E-01  2.8903E-01  3.4471E-02  1.3120E-03  3.3159E-02  2.4297E-01
  1.7000E+01  1.7327E-02  1.7937E-01  1.4015E-01  2.8903E-01  1.4603E-01  1.2168E-02  1.3386E-01  9.8084E-01
  1.7000E+01  1.7327E-02  1.7937E-01  1.4015E-01  2.8903E-01  2.6426E-02  7.1044E-05  2.6355E-02  1.9311E-01
  1.7000E+01  1.7327E-02  1.7937E-01  1.4015E-01  2.8903E-01  2.1193E-02  3.1639E-05  2.1161E-02  1.5506E-01
  1.7000E+01  1.7327E-02  1.7937E-01  1.4015E-01  2.8903E-01  6.3956E-02  3.5505E-04  6.3601E-02  4.6603E-01
  1.7000E+01  1.7327E-02  1.7937E-01  1.4015E-01  2.8903E-01  1.1534E-02  1.6595E-06  1.1533E-02  8.4505E-02
  1.7000E+01  1.7327E-02  1.7937E-01  1.4015E-01  2.8903E-01  2.1529E-02  7.4363E-07  2.1529E-02  1.5775E-01
  1.7000E+01  1.7327E-02  1.7937E-01  1.4015E-01  2.8903E-01  3.0168E-02  9.3507E-06  3.0159E-02  2.2098E-01
  1.8000E+01  1.7327E-02  1.7937E-01  1.4015E-01  2.8903E-01  0.0000E+00  0.0000E+00  0.0000E+00  0.0000E+00
  1.8000E+01  1.7327E-02  1.7937E-01  1.4015E-01  2.8903E-01  3.7243E+00  4.3392E+00 -6.1489E-01 -4.5055E+00
  1.8000E+01  1.7327E-02  1.7937E-01  1.4015E-01  2.8903E-01  4.5835E-01  1.9987E-01  2.5849E-01  1.8940E+00
  1.8000E+01  1.7327E-02  1.7937E-01  1.4015E-01  2.8903E-01  1.1602E+00  8.6294E-01  2.9726E-01  2.1782E+00
  1.8000E+01  1.7327E-02  1.7937E-01  1.4015E-01  2.8903E-01  2.2840E+00  2.9803E+00 -6.9629E-01 -5.1020E+00
  1.8000E+01  1.7327E-02  1.7937E-01  1.4015E-01  2.8903E-01  3.2417E-01  3.1723E-01  6.9491E-03  5.0918E-02
  1.8000E+01  1.7327E-02  1.7937E-01  1.4015E-01  2.8903E-01  1.1645E+00  1.4492E+00 -2.8466E-01 -2.0858E+00
  1.8000E+01  1.7327E-02  1.7937E-01  1.4015E-01  2.8903E-01  1.5043E+00  1.5934E+00 -8.9079E-02 -6.5271E-01
  1.8000E+01  1.7327E-02  1.7937E-01  1.4015E-01  2.8903E-01  2.8305E-01  2.9899E-01 -1.5938E-02 -1.1678E-01
  1.8000E+01  1.7327E-02  1.7937E-01  1.4015E-01  2.8903E-01  1.0611E+00  1.4939E+00 -4.3283E-01 -3.1715E+00
  1.8000E+01  1.7327E-02  1.7937E-01  1.4015E-01  2.8903E-01  7.5200E-01  8.5193E-01 -9.9932E-02 -7.3224E-01
  1.8000E+01  1.7327E-02  1.7937E-01  1.4015E-01  2.8903E-01  1.3542E-01  2.1262E-01 -7.7199E-02 -5.6567E-01
  1.8000E+01  1.7327E-02  1.7937E-01  1.4015E-01  2.8903E-01  8.0086E-01  1.1556E+00 -3.5471E-01 -2.5991E+00
  1.8000E+01  1.7327E-02  1.7937E-01  1.4015E-01  2.8903E-01  4.8728E-01  4.5549E-01  3.1785E-02  2.3290E-01
  1.8000E+01  1.7327E-02  1.7937E-01  1.4015E-01  2.8903E-01  1.7862E-01  1.3520E-01  4.3417E-02  3.1813E-01
  1.8000E+01  1.7327E-02  1.7937E-01  1.4015E-01  2.8903E-01  7.9364E-01  7.9490E-01 -1.2606E-03 -9.2366E-03
  1.8000E+01  1.7327E-02  1.7937E-01  1.4015E-01  2.8903E-01  3.1137E-01  1.3021E-01  1.8117E-01  1.3275E+00
  1.8000E+01  1.7327E-02  1.7937E-01  1.4015E-01  2.8903E-01  1.3963E-01  4.6921E-02  9.2705E-02  6.7928E-01
  1.8000E+01  1.7327E-02  1.7937E-01  1.4015E-01  2.8903E-01  6.1293E-01  3.1780E-01  2.9512E-01  2.1625E+00
  1.8000E+01  1.7327E-02  1.7937E-01  1.4015E-01  2.8903E-01  1.2314E-01  1.9900E-02  1.0324E-01  7.5648E-01
  1.8000E+01  1.7327E-02  1.7937E-01  1.4015E-01  2.8903E-01  5.2491E-02  8.1497E-03  4.4341E-02  3.2490E-01
  1.8000E+01  1.7327E-02  1.7937E-01  1.4015E-01  2.8903E-01  2.5152E-01  6.5823E-02  1.8570E-01  1.3607E+00
  1.8000E+01  1.7327E-02  1.7937E-01  1.4015E-01  2.8903E-01  6.1908E-02  3.0414E-03  5.8866E-02  4.3133E-01
  1.8000E+01  1.7327E-02  1.7937E-01  1.4015E-01  2.8903E-01  3.4343E-02  1.3120E-03  3.3031E-02  2.4203E-01
  1.8000E+01  1.7327E-02  1.7937E-01  1.4015E-01  2.8903E-01  1.2934E-01  1.2168E-02  1.1717E-01  8.5856E-01
  1.8000E+01  1.7327E-02  1.7937E-01  1.4015E-01  2.8903E-01  2.1030E-02  7.1044E-05  2.0959E-02  1.5358E-01
  1.8000E+01  1.7327E-02  1.7937E-01  1.4015E-01  2.8903E-01  2.4894E-02  3.1639E-05  2.4862E-02  1.8218E-01
  1.8000E+01  1.7327E-02  1.7937E-01  1.4015E-01  2.8903E-01  5.2757E-02  3.5505E-04  5.2402E-02  3.8397E-01
  1.8000E+01  1.7327E-02  1.7937E-01  1.4015E-01  2.8903E-01  7.5896E-03  1.6595E-06  7.5880E-03  5.5600E-02
  1.8000E+01  1.7327E-02  1.7937E-01  1.4015E-01  2.8903E-01  2.1924E-02  7.4363E-07  2.1923E-02  1.6064E-01
  1.8000E+01  1.7327E-02  1.7937E-01  1.4015E-01  2.8903E-01  2.6129E-02  9.3507E-06  2.6119E-02  1.9139E-01
  1.9000E+01  1.7327E-02  1.7937E-01  1.4015E-01  2.8903E-01  0.0000E+00  1.0889E-01  0.0000E+00  0.0000E+00
  1.9000E+01  1.7327E-02  1.7937E-01  1.4015E-01  2.8903E-01  1.0886E-02  7.4566E-03  3.4293E-03  2.5128E-02
  1.9000E+01  1.7327E-02  1.7937E-01  1.4015E-01  2.8903E-01  1.1988E-02  7.1441E-03  4.8440E-03  3.5494E-02
  1.9000E+01  1.7327E-02  1.7937E-01  1.4015E-01  2.8903E-01  1.1132E-02  1.2655E-02 -1.5227E-03 -1.1158E-02
  1.9000E+01  1.7327E-02  1.7937E-01  1.4015E-01  2.8903E-01  7.6523E-03  1.3663E-02 -6.0105E-03 -4.4041E-02
  1.9000E+01  1.7327E-02  1.7937E-01  1.4015E-01  2.8903E-01  1.6528E-02  1.1765E-02  4.7630E-03  3.4901E-02
  1.9000E+01  1.7327E-02  1.7937E-01  1.4015E-01  2.8903E-01  7.0033E-03  1.3574E-02 -6.5711E-03 -4.8149E-02
  1.9000E+01  1.7327E-02  1.7937E-01  1.4015E-01  2.8903E-01  1.2728E-02  9.5082E-03  3.2202E-03  2.3596E-02
  1.9000E+01  1.7327E-02  1.7937E-01  1.4015E-01  2.8903E-01  4.7959E-03  1.1306E-02 -6.5104E-03 -4.7704E-02
  1.9000E+01  1.7327E-02  1.7937E-01  1.4015E-01  2.8903E-01  1.1212E-02  5.7363E-03  5.4759E-03  4.0124E-02
  1.9000E+01  1.7327E-02  1.7937E-01  1.4015E-01  2.8903E-01  4.1741E-03  6.9300E-03 -2.7559E-03 -2.0194E-02
  1.9000E+01  1.7327E-02  1.7937E-01  1.4015E-01  2.8903E-01  9.2671E-03  3.4139E-03  5.8532E-03  4.2889E-02
  1.9000E+01  1.7327E-02  1.7937E-01  1.4015E-01  2.8903E-01  3.2885E-03  4.1317E-03 -8.4322E-04 -6.1786E-03
  1.9000E+01  1.7327E-02  1.7937E-01  1.4015E-01  2.8903E-01  1.0510E-02  4.2685E-04  1.0083E-02  7.3881E-02
  1.9000E+01  1.7327E-02  1.7937E-01  1.4015E-01  2.8903E-01  2.7834E-03  5.1670E-04  2.2667E-03  1.6609E-02
  1.9000E+01  1.7327E-02  1.7937E-01  1.4015E-01  2.8903E-01  3.0831E-03  6.6726E-06  3.0764E-03  2.2542E-02
  1.9000E+01  1.7327E-02  1.7937E-01  1.4015E-01  2.8903E-01  9.5039E-04  8.0770E-06  9.4232E-04  6.9047E-03
  2.0000E+01  1.7327E-02  1.7937E-01  1.4015E-01  2.8903E-01  0.0000E+00  1.0889E-01  0.0000E+00  0.0000E+00
  2.0000E+01  1.7327E-02  1.7937E-01  1.4015E-01  2.8903E-01  9.3796E-03  7.4566E-03  1.9230E-03  1.4090E-02
  2.0000E+01  1.7327E-02  1.7937E-01  1.4015E-01  2.8903E-01  1.5986E-02  7.1441E-03  8.8423E-03  6.4791E-02
  2.0000E+01  1.7327E-02  1.7937E-01  1.4015E-01  2.8903E-01  9.7215E-03  1.2655E-02 -2.9335E-03 -2.1495E-02
  2.0000E+01  1.7327E-02  1.7937E-01  1.4015E-01  2.8903E-01  1.0948E-02  1.3663E-02 -2.7148E-03 -1.9893E-02
  2.0000E+01  1.7327E-02  1.7937E-01  1.4015E-01  2.8903E-01  8.8318E-03  1.1765E-02 -2.9334E-03 -2.1494E-02
  2.0000E+01  1.7327E-02  1.7937E-01  1.4015E-01  2.8903E-01  7.9065E-03  1.3574E-02 -5.6679E-03 -4.1531E-02
  2.0000E+01  1.7327E-02  1.7937E-01  1.4015E-01  2.8903E-01  7.4104E-03  9.5082E-03 -2.0978E-03 -1.5371E-02
  2.0000E+01  1.7327E-02  1.7937E-01  1.4015E-01  2.8903E-01  5.1085E-03  1.1306E-02 -6.1978E-03 -4.5413E-02
  2.0000E+01  1.7327E-02  1.7937E-01  1.4015E-01  2.8903E-01  6.9259E-03  5.7363E-03  1.1896E-03  8.7168E-03
  2.0000E+01  1.7327E-02  1.7937E-01  1.4015E-01  2.8903E-01  3.3723E-03  6.9300E-03 -3.5577E-03 -2.6069E-02
  2.0000E+01  1.7327E-02  1.7937E-01  1.4015E-01  2.8903E-01  8.1916E-03  3.4139E-03  4.7777E-03  3.5008E-02
  2.0000E+01  1.7327E-02  1.7937E-01  1.4015E-01  2.8903E-01  2.2063E-03  4.1317E-03 -1.9254E-03 -1.4108E-02
  2.0000E+01  1.7327E-02  1.7937E-01  1.4015E-01  2.8903E-01  5.7551E-03  4.2685E-04  5.3282E-03  3.9042E-02
  2.0000E+01  1.7327E-02  1.7937E-01  1.4015E-01  2.8903E-01  1.7218E-03  5.1670E-04  1.2051E-03  8.8306E-03
  2.0000E+01  1.7327E-02  1.7937E-01  1.4015E-01  2.8903E-01  4.3803E-03  6.6726E-06  4.3736E-03  3.2047E-02
  2.0000E+01  1.7327E-02  1.7937E-01  1.4015E-01  2.8903E-01  1.2003E-03  8.0770E-06  1.1922E-03  8.7361E-03
  2.1000E+01  1.7327E-02  1.7937E-01  1.4015E-01  2.8903E-01  0.0000E+00  1.0889E-01  0.0000E+00  0.0000E+00
  2.1000E+01  1.7327E-02  1.7937E-01  1.4015E-01  2.8903E-01  5.0419E-03  7.4566E-03 -2.4147E-03 -1.7693E-02
  2.1000E+01  1.7327E-02  1.7937E-01  1.4015E-01  2.8903E-01  5.4636E-03  7.1441E-03 -1.6805E-03 -1.2314E-02
  2.1000E+01  1.7327E-02  1.7937E-01  1.4015E-01  2.8903E-01  9.1893E-03  1.2655E-02 -3.4657E-03 -2.5395E-02
  2.1000E+01  1.7327E-02  1.7937E-01  1.4015E-01  2.8903E-01  4.2692E-03  1.3663E-02 -9.3936E-03 -6.8830E-02
  2.1000E+01  1.7327E-02  1.7937E-01  1.4015E-01  2.8903E-01  1.3794E-02  1.1765E-02  2.0284E-03  1.4863E-02
  2.1000E+01  1.7327E-02  1.7937E-01  1.4015E-01  2.8903E-01  3.5084E-03  1.3574E-02 -1.0066E-02 -7.3758E-02
  2.1000E+01  1.7327E-02  1.7937E-01  1.4015E-01  2.8903E-01  1.2781E-02  9.5082E-03  3.2731E-03  2.3983E-02
  2.1000E+01  1.7327E-02  1.7937E-01  1.4015E-01  2.8903E-01  2.7511E-03  1.1306E-02 -8.5552E-03 -6.2687E-02
  2.1000E+01  1.7327E-02  1.7937E-01  1.4015E-01  2.8903E-01  1.6414E-02  5.7363E-03  1.0677E-02  7.8236E-02
  2.1000E+01  1.7327E-02  1.7937E-01  1.4015E-01  2.8903E-01  2.8068E-03  6.9300E-03 -4.1233E-03 -3.0213E-02
  2.1000E+01  1.7327E-02  1.7937E-01  1.4015E-01  2.8903E-01  1.2402E-02  3.4139E-03  8.9877E-03  6.5856E-02
  2.1000E+01  1.7327E-02  1.7937E-01  1.4015E-01  2.8903E-01  2.6665E-03  4.1317E-03 -1.4651E-03 -1.0736E-02
  2.1000E+01  1.7327E-02  1.7937E-01  1.4015E-01  2.8903E-01  6.8141E-03  4.2685E-04  6.3872E-03  4.6802E-02
  2.1000E+01  1.7327E-02  1.7937E-01  1.4015E-01  2.8903E-01  2.2804E-03  5.1670E-04  1.7637E-03  1.2924E-02
  2.1000E+01  1.7327E-02  1.7937E-01  1.4015E-01  2.8903E-01  2.5927E-03  6.6726E-06  2.5860E-03  1.8949E-02
  2.1000E+01  1.7327E-02  1.7937E-01  1.4015E-01  2.8903E-01  1.0555E-03  8.0770E-06  1.0474E-03  7.6746E-03
  2.2000E+01  1.7327E-02  1.7937E-01  1.4015E-01  2.8903E-01  0.0000E+00  1.0889E-01  0.0000E+00  0.0000E+00
  2.2000E+01  1.7327E-02  1.7937E-01  1.4015E-01  2.8903E-01  8.2651E-03  7.4566E-03  8.0847E-04  5.9240E-03
  2.2000E+01  1.7327E-02  1.7937E-01  1.4015E-01  2.8903E-01  1.1021E-02  7.1441E-03  3.8765E-03  2.8405E-02
  2.2000E+01  1.7327E-02  1.7937E-01  1.4015E-01  2.8903E-01  1.0575E-02  1.2655E-02 -2.0803E-03 -1.5243E-02
  2.2000E+01  1.7327E-02  1.7937E-01  1.4015E-01  2.8903E-01  8.9215E-03  1.3663E-02 -4.7413E-03 -3.4741E-02
  2.2000E+01  1.7327E-02  1.7937E-01  1.4015E-01  2.8903E-01  1.3170E-02  1.1765E-02  1.4048E-03  1.0294E-02
  2.2000E+01  1.7327E-02  1.7937E-01  1.4015E-01  2.8903E-01  8.3584E-03  1.3574E-02 -5.2160E-03 -3.8220E-02
  2.2000E+01  1.7327E-02  1.7937E-01  1.4015E-01  2.8903E-01  1.1904E-02  9.5082E-03  2.3961E-03  1.7557E-02
  2.2000E+01  1.7327E-02  1.7937E-01  1.4015E-01  2.8903E-01  4.6000E-03  1.1306E-02 -6.7063E-03 -4.9139E-02
  2.2000E+01  1.7327E-02  1.7937E-01  1.4015E-01  2.8903E-01  1.0554E-02  5.7363E-03  4.8182E-03  3.5305E-02
  2.2000E+01  1.7327E-02  1.7937E-01  1.4015E-01  2.8903E-01  3.5532E-03  6.9300E-03 -3.3769E-03 -2.4744E-02
  2.2000E+01  1.7327E-02  1.7937E-01  1.4015E-01  2.8903E-01  1.0742E-02  3.4139E-03  7.3286E-03  5.3699E-02
  2.2000E+01  1.7327E-02  1.7937E-01  1.4015E-01  2.8903E-01  2.8178E-03  4.1317E-03 -1.3139E-03 -9.6275E-03
  2.2000E+01  1.7327E-02  1.7937E-01  1.4015E-01  2.8903E-01  4.5887E-03  4.2685E-04  4.1618E-03  3.0495E-02
  2.2000E+01  1.7327E-02  1.7937E-01  1.4015E-01  2.8903E-01  4.7372E-03  5.1670E-04  4.2205E-03  3.0925E-02
  2.2000E+01  1.7327E-02  1.7937E-01  1.4015E-01  2.8903E-01  2.4965E-03  6.6726E-06  2.4899E-03  1.8244E-02
  2.2000E+01  1.7327E-02  1.7937E-01  1.4015E-01  2.8903E-01  9.8592E-04  8.0770E-06  9.7785E-04  7.1651E-03
  2.3000E+01  1.7327E-02  1.7937E-01  1.4015E-01  2.8903E-01  0.0000E+00  1.0889E-01  0.0000E+00  0.0000E+00
  2.3000E+01  1.7327E-02  1.7937E-01  1.4015E-01  2.8903E-01  5.2623E-03  7.4566E-03 -2.1944E-03 -1.6079E-02
  2.3000E+01  1.7327E-02  1.7937E-01  1.4015E-01  2.8903E-01  8.0457E-03  7.1441E-03  9.0160E-04  6.6064E-03
  2.3000E+01  1.7327E-02  1.7937E-01  1.4015E-01  2.8903E-01  6.9104E-03  1.2655E-02 -5.7446E-03 -4.2093E-02
  2.3000E+01  1.7327E-02  1.7937E-01  1.4015E-01  2.8903E-01  7.7940E-03  1.3663E-02 -5.8687E-03 -4.3003E-02
  2.3000E+01  1.7327E-02  1.7937E-01  1.4015E-01  2.8903E-01  1.0555E-02  1.1765E-02 -1.2104E-03 -8.8689E-03
  2.3000E+01  1.7327E-02  1.7937E-01  1.4015E-01  2.8903E-01  6.0597E-03  1.3574E-02 -7.5147E-03 -5.5063E-02
  2.3000E+01  1.7327E-02  1.7937E-01  1.4015E-01  2.8903E-01  7.8321E-03  9.5082E-03 -1.6761E-03 -1.2281E-02
  2.3000E+01  1.7327E-02  1.7937E-01  1.4015E-01  2.8903E-01  3.0368E-03  1.1306E-02 -8.2695E-03 -6.0594E-02
  2.3000E+01  1.7327E-02  1.7937E-01  1.4015E-01  2.8903E-01  1.4815E-02  5.7363E-03  9.0788E-03  6.6524E-02
  2.3000E+01  1.7327E-02  1.7937E-01  1.4015E-01  2.8903E-01  3.0907E-03  6.9300E-03 -3.8393E-03 -2.8132E-02
  2.3000E+01  1.7327E-02  1.7937E-01  1.4015E-01  2.8903E-01  8.2674E-03  3.4139E-03  4.8535E-03  3.5564E-02
  2.3000E+01  1.7327E-02  1.7937E-01  1.4015E-01  2.8903E-01  2.8210E-03  4.1317E-03 -1.3107E-03 -9.6041E-03
  2.3000E+01  1.7327E-02  1.7937E-01  1.4015E-01  2.8903E-01  2.2414E-03  4.2685E-04  1.8145E-03  1.3296E-02
  2.3000E+01  1.7327E-02  1.7937E-01  1.4015E-01  2.8903E-01  1.2844E-03  5.1670E-04  7.6770E-04  5.6252E-03
  2.3000E+01  1.7327E-02  1.7937E-01  1.4015E-01  2.8903E-01  2.5602E-03  6.6726E-06  2.5535E-03  1.8711E-02
  2.3000E+01  1.7327E-02  1.7937E-01  1.4015E-01  2.8903E-01  1.0467E-03  8.0770E-06  1.0386E-03  7.6105E-03
  2.4000E+01  1.7327E-02  1.7937E-01  1.4015E-01  2.8903E-01  0.0000E+00  1.0889E-01  0.0000E+00  0.0000E+00
  2.4000E+01  1.7327E-02  1.7937E-01  1.4015E-01  2.8903E-01  1.4207E-02  7.4566E-03  6.7500E-03  4.9460E-02
  2.4000E+01  1.7327E-02  1.7937E-01  1.4015E-01  2.8903E-01  1.0590E-02  7.1441E-03  3.4456E-03  2.5248E-02
  2.4000E+01  1.7327E-02  1.7937E-01  1.4015E-01  2.8903E-01  3.0568E-02  1.2655E-02  1.7913E-02  1.3126E-01
  2.4000E+01  1.7327E-02  1.7937E-01  1.4015E-01  2.8903E-01  8.4915E-03  1.3663E-02 -5.1712E-03 -3.7891E-02
  2.4000E+01  1.7327E-02  1.7937E-01  1.4015E-01  2.8903E-01  3.1357E-02  1.1765E-02  1.9592E-02  1.4356E-01
  2.4000E+01  1.7327E-02  1.7937E-01  1.4015E-01  2.8903E-01  5.0554E-03  1.3574E-02 -8.5190E-03 -6.2422E-02
  2.4000E+01  1.7327E-02  1.7937E-01  1.4015E-01  2.8903E-01  2.2174E-02  9.5082E-03  1.2666E-02  9.2809E-02
  2.4000E+01  1.7327E-02  1.7937E-01  1.4015E-01  2.8903E-01  4.2884E-03  1.1306E-02 -7.0179E-03 -5.1423E-02
  2.4000E+01  1.7327E-02  1.7937E-01  1.4015E-01  2.8903E-01  1.3391E-02  5.7363E-03  7.6550E-03  5.6091E-02
  2.4000E+01  1.7327E-02  1.7937E-01  1.4015E-01  2.8903E-01  3.2956E-03  6.9300E-03 -3.6344E-03 -2.6631E-02
  2.4000E+01  1.7327E-02  1.7937E-01  1.4015E-01  2.8903E-01  9.9516E-03  3.4139E-03  6.5377E-03  4.7904E-02
  2.4000E+01  1.7327E-02  1.7937E-01  1.4015E-01  2.8903E-01  2.6049E-03  4.1317E-03 -1.5268E-03 -1.1187E-02
  2.4000E+01  1.7327E-02  1.7937E-01  1.4015E-01  2.8903E-01  8.0523E-03  4.2685E-04  7.6254E-03  5.5874E-02
  2.4000E+01  1.7327E-02  1.7937E-01  1.4015E-01  2.8903E-01  1.6492E-03  5.1670E-04  1.1325E-03  8.2982E-03
  2.4000E+01  1.7327E-02  1.7937E-01  1.4015E-01  2.8903E-01  2.7761E-03  6.6726E-06  2.7694E-03  2.0293E-02
  2.4000E+01  1.7327E-02  1.7937E-01  1.4015E-01  2.8903E-01  9.2642E-04  8.0770E-06  9.1835E-04  6.7291E-03
  2.6000E+01  1.7327E-02  1.7937E-01  1.4015E-01  2.8903E-01  0.0000E+00  2.1778E-01  0.0000E+00  0.0000E+00
  2.6000E+01  1.7327E-02  1.7937E-01  1.4015E-01  2.8903E-01  7.1127E-03  1.4913E-02 -7.8006E-03 -5.7158E-02
  2.6000E+01  1.7327E-02  1.7937E-01  1.4015E-01  2.8903E-01  1.9283E-02  1.4288E-02  4.9944E-03  3.6596E-02
  2.6000E+01  1.7327E-02  1.7937E-01  1.4015E-01  2.8903E-01  1.0155E-02  2.5310E-02 -1.5155E-02 -1.1105E-01
  2.6000E+01  1.7327E-02  1.7937E-01  1.4015E-01  2.8903E-01  2.0515E-02  2.7325E-02 -6.8107E-03 -4.9904E-02
  2.6000E+01  1.7327E-02  1.7937E-01  1.4015E-01  2.8903E-01  9.4776E-03  2.3530E-02 -1.4053E-02 -1.0297E-01
  2.6000E+01  1.7327E-02  1.7937E-01  1.4015E-01  2.8903E-01  9.9332E-03  2.7149E-02 -1.7216E-02 -1.2615E-01
  2.6000E+01  1.7327E-02  1.7937E-01  1.4015E-01  2.8903E-01  1.4798E-02  1.9016E-02 -4.2184E-03 -3.0910E-02
  2.6000E+01  1.7327E-02  1.7937E-01  1.4015E-01  2.8903E-01  1.1467E-02  2.2613E-02 -1.1145E-02 -8.1665E-02
  2.6000E+01  1.7327E-02  1.7937E-01  1.4015E-01  2.8903E-01  1.0105E-02  1.1473E-02 -1.3671E-03 -1.0017E-02
  2.6000E+01  1.7327E-02  1.7937E-01  1.4015E-01  2.8903E-01  7.9845E-03  1.3860E-02 -5.8755E-03 -4.3052E-02
  2.6000E+01  1.7327E-02  1.7937E-01  1.4015E-01  2.8903E-01  1.6308E-02  6.8278E-03  9.4807E-03  6.9469E-02
  2.6000E+01  1.7327E-02  1.7937E-01  1.4015E-01  2.8903E-01  1.2892E-02  8.2634E-03  4.6284E-03  3.3914E-02
  2.6000E+01  1.7327E-02  1.7937E-01  1.4015E-01  2.8903E-01  5.2657E-03  8.5371E-04  4.4120E-03  3.2329E-02
  2.6000E+01  1.7327E-02  1.7937E-01  1.4015E-01  2.8903E-01  6.6957E-03  1.0334E-03  5.6623E-03  4.1490E-02
  2.6000E+01  1.7327E-02  1.7937E-01  1.4015E-01  2.8903E-01  1.4383E-03  1.3345E-05  1.4250E-03  1.0441E-02
  2.6000E+01  1.7327E-02  1.7937E-01  1.4015E-01  2.8903E-01  1.6021E-03  1.6154E-05  1.5859E-03  1.1620E-02
  2.7000E+01  1.7327E-02  1.7937E-01  1.4015E-01  2.8903E-01  0.0000E+00  2.1778E-01  0.0000E+00  0.0000E+00
  2.7000E+01  1.7327E-02  1.7937E-01  1.4015E-01  2.8903E-01  5.1830E-03  1.4913E-02 -9.7302E-03 -7.1297E-02
  2.7000E+01  1.7327E-02  1.7937E-01  1.4015E-01  2.8903E-01  1.9417E-02  1.4288E-02  5.1288E-03  3.7581E-02
  2.7000E+01  1.7327E-02  1.7937E-01  1.4015E-01  2.8903E-01  1.3149E-02  2.5310E-02 -1.2161E-02 -8.9112E-02
  2.7000E+01  1.7327E-02  1.7937E-01  1.4015E-01  2.8903E-01  2.4910E-02  2.7325E-02 -2.4153E-03 -1.7698E-02
  2.7000E+01  1.7327E-02  1.7937E-01  1.4015E-01  2.8903E-01  1.7752E-02  2.3530E-02 -5.7786E-03 -4.2342E-02
  2.7000E+01  1.7327E-02  1.7937E-01  1.4015E-01  2.8903E-01  2.1848E-02  2.7149E-02 -5.3004E-03 -3.8838E-02
  2.7000E+01  1.7327E-02  1.7937E-01  1.4015E-01  2.8903E-01  1.8616E-02  1.9016E-02 -4.0040E-04 -2.9339E-03
  2.7000E+01  1.7327E-02  1.7937E-01  1.4015E-01  2.8903E-01  1.8086E-02  2.2613E-02 -4.5263E-03 -3.3166E-02
  2.7000E+01  1.7327E-02  1.7937E-01  1.4015E-01  2.8903E-01  1.4918E-02  1.1473E-02  3.4459E-03  2.5250E-02
  2.7000E+01  1.7327E-02  1.7937E-01  1.4015E-01  2.8903E-01  1.0602E-02  1.3860E-02 -3.2578E-03 -2.3871E-02
  2.7000E+01  1.7327E-02  1.7937E-01  1.4015E-01  2.8903E-01  2.1973E-02  6.8278E-03  1.5145E-02  1.1098E-01
  2.7000E+01  1.7327E-02  1.7937E-01  1.4015E-01  2.8903E-01  1.0170E-02  8.2634E-03  1.9071E-03  1.3974E-02
  2.7000E+01  1.7327E-02  1.7937E-01  1.4015E-01  2.8903E-01  8.4834E-03  8.5371E-04  7.6297E-03  5.5905E-02
  2.7000E+01  1.7327E-02  1.7937E-01  1.4015E-01  2.8903E-01  8.2897E-03  1.0334E-03  7.2563E-03  5.3170E-02
  2.7000E+01  1.7327E-02  1.7937E-01  1.4015E-01  2.8903E-01  3.4386E-03  1.3345E-05  3.4252E-03  2.5098E-02
  2.7000E+01  1.7327E-02  1.7937E-01  1.4015E-01  2.8903E-01  4.6109E-03  1.6154E-05  4.5948E-03  3.3668E-02
  2.8000E+01  1.7327E-02  1.7937E-01  1.4015E-01  2.8903E-01  0.0000E+00  2.1778E-01  0.0000E+00  0.0000E+00
  2.8000E+01  1.7327E-02  1.7937E-01  1.4015E-01  2.8903E-01  1.0042E-02  1.4913E-02 -4.8713E-03 -3.5694E-02
  2.8000E+01  1.7327E-02  1.7937E-01  1.4015E-01  2.8903E-01  3.3149E-02  1.4288E-02  1.8861E-02  1.3820E-01
  2.8000E+01  1.7327E-02  1.7937E-01  1.4015E-01  2.8903E-01  1.2190E-02  2.5310E-02 -1.3120E-02 -9.6137E-02
  2.8000E+01  1.7327E-02  1.7937E-01  1.4015E-01  2.8903E-01  4.1208E-02  2.7325E-02  1.3882E-02  1.0172E-01
  2.8000E+01  1.7327E-02  1.7937E-01  1.4015E-01  2.8903E-01  1.3323E-02  2.3530E-02 -1.0208E-02 -7.4796E-02
  2.8000E+01  1.7327E-02  1.7937E-01  1.4015E-01  2.8903E-01  2.6815E-02  2.7149E-02 -3.3337E-04 -2.4427E-03
  2.8000E+01  1.7327E-02  1.7937E-01  1.4015E-01  2.8903E-01  1.7824E-02  1.9016E-02 -1.1925E-03 -8.7376E-03
  2.8000E+01  1.7327E-02  1.7937E-01  1.4015E-01  2.8903E-01  1.8006E-02  2.2613E-02 -4.6062E-03 -3.3751E-02
  2.8000E+01  1.7327E-02  1.7937E-01  1.4015E-01  2.8903E-01  1.2732E-02  1.1473E-02  1.2591E-03  9.2262E-03
  2.8000E+01  1.7327E-02  1.7937E-01  1.4015E-01  2.8903E-01  1.1437E-02  1.3860E-02 -2.4235E-03 -1.7758E-02
  2.8000E+01  1.7327E-02  1.7937E-01  1.4015E-01  2.8903E-01  1.4739E-02  6.8278E-03  7.9112E-03  5.7968E-02
  2.8000E+01  1.7327E-02  1.7937E-01  1.4015E-01  2.8903E-01  9.2271E-03  8.2634E-03  9.6377E-04  7.0619E-03
  2.8000E+01  1.7327E-02  1.7937E-01  1.4015E-01  2.8903E-01  2.1603E-03  8.5371E-04  1.3066E-03  9.5738E-03
  2.8000E+01  1.7327E-02  1.7937E-01  1.4015E-01  2.8903E-01  2.9995E-03  1.0334E-03  1.9661E-03  1.4406E-02
  2.8000E+01  1.7327E-02  1.7937E-01  1.4015E-01  2.8903E-01  4.5024E-03  1.3345E-05  4.4891E-03  3.2893E-02
  2.8000E+01  1.7327E-02  1.7937E-01  1.4015E-01  2.8903E-01  2.4984E-03  1.6154E-05  2.4823E-03  1.8188E-02
  2.9000E+01  1.7327E-02  1.7937E-01  1.4015E-01  2.8903E-01  0.0000E+00  2.1778E-01  0.0000E+00  0.0000E+00
  2.9000E+01  1.7327E-02  1.7937E-01  1.4015E-01  2.8903E-01  2.7756E-02  1.4913E-02  1.2843E-02  9.4105E-02
  2.9000E+01  1.7327E-02  1.7937E-01  1.4015E-01  2.8903E-01  1.4596E-02  1.4288E-02  3.0736E-04  2.2522E-03
  2.9000E+01  1.7327E-02  1.7937E-01  1.4015E-01  2.8903E-01  5.9334E-02  2.5310E-02  3.4024E-02  2.4931E-01
  2.9000E+01  1.7327E-02  1.7937E-01  1.4015E-01  2.8903E-01  1.3972E-02  2.7325E-02 -1.3354E-02 -9.7848E-02
  2.9000E+01  1.7327E-02  1.7937E-01  1.4015E-01  2.8903E-01  7.7724E-02  2.3530E-02  5.4193E-02  3.9710E-01
  2.9000E+01  1.7327E-02  1.7937E-01  1.4015E-01  2.8903E-01  9.4953E-03  2.7149E-02 -1.7653E-02 -1.2935E-01
  2.9000E+01  1.7327E-02  1.7937E-01  1.4015E-01  2.8903E-01  6.7857E-02  1.9016E-02  4.8841E-02  3.5788E-01
  2.9000E+01  1.7327E-02  1.7937E-01  1.4015E-01  2.8903E-01  9.1813E-03  2.2613E-02 -1.3431E-02 -9.8416E-02
  2.9000E+01  1.7327E-02  1.7937E-01  1.4015E-01  2.8903E-01  2.5358E-02  1.1473E-02  1.3885E-02  1.0174E-01
  2.9000E+01  1.7327E-02  1.7937E-01  1.4015E-01  2.8903E-01  6.7512E-03  1.3860E-02 -7.1088E-03 -5.2089E-02
  2.9000E+01  1.7327E-02  1.7937E-01  1.4015E-01  2.8903E-01  2.0412E-02  6.8278E-03  1.3584E-02  9.9538E-02
  2.9000E+01  1.7327E-02  1.7937E-01  1.4015E-01  2.8903E-01  7.8809E-03  8.2634E-03 -3.8244E-04 -2.8023E-03
  2.9000E+01  1.7327E-02  1.7937E-01  1.4015E-01  2.8903E-01  4.4490E-03  8.5371E-04  3.5953E-03  2.6344E-02
  2.9000E+01  1.7327E-02  1.7937E-01  1.4015E-01  2.8903E-01  1.9660E-03  1.0334E-03  9.3257E-04  6.8333E-03
  2.9000E+01  1.7327E-02  1.7937E-01  1.4015E-01  2.8903E-01  1.6387E-03  1.3345E-05  1.6253E-03  1.1909E-02
  2.9000E+01  1.7327E-02  1.7937E-01  1.4015E-01  2.8903E-01  6.4701E-04  1.6154E-05  6.3085E-04  4.6225E-03
  3.0000E+01  1.7327E-02  1.7937E-01  1.4015E-01  2.8903E-01  0.0000E+00  2.1778E-01  0.0000E+00  0.0000E+00
  3.0000E+01  1.7327E-02  1.7937E-01  1.4015E-01  2.8903E-01  2.6879E-02  1.4913E-02  1.1966E-02  8.7680E-02
  3.0000E+01  1.7327E-02  1.7937E-01  1.4015E-01  2.8903E-01  1.0533E-02  1.4288E-02 -3.7552E-03 -2.7516E-02
  3.0000E+01  1.7327E-02  1.7937E-01  1.4015E-01  2.8903E-01  5.1815E-02  2.5310E-02  2.6505E-02  1.9421E-01
  3.0000E+01  1.7327E-02  1.7937E-01  1.4015E-01  2.8903E-01  1.2915E-02  2.7325E-02 -1.4410E-02 -1.0559E-01
  3.0000E+01  1.7327E-02  1.7937E-01  1.4015E-01  2.8903E-01  7.6767E-02  2.3530E-02  5.3237E-02  3.9009E-01
  3.0000E+01  1.7327E-02  1.7937E-01  1.4015E-01  2.8903E-01  1.3169E-02  2.7149E-02 -1.3980E-02 -1.0244E-01
  3.0000E+01  1.7327E-02  1.7937E-01  1.4015E-01  2.8903E-01  7.0370E-02  1.9016E-02  5.1354E-02  3.7629E-01
  3.0000E+01  1.7327E-02  1.7937E-01  1.4015E-01  2.8903E-01  1.6609E-02  2.2613E-02 -6.0031E-03 -4.3987E-02
  3.0000E+01  1.7327E-02  1.7937E-01  1.4015E-01  2.8903E-01  3.6419E-02  1.1473E-02  2.4947E-02  1.8280E-01
  3.0000E+01  1.7327E-02  1.7937E-01  1.4015E-01  2.8903E-01  1.4179E-02  1.3860E-02  3.1944E-04  2.3407E-03
  3.0000E+01  1.7327E-02  1.7937E-01  1.4015E-01  2.8903E-01  1.2181E-02  6.8278E-03  5.3535E-03  3.9227E-02
  3.0000E+01  1.7327E-02  1.7937E-01  1.4015E-01  2.8903E-01  8.1546E-03  8.2634E-03 -1.0875E-04 -7.9683E-04
  3.0000E+01  1.7327E-02  1.7937E-01  1.4015E-01  2.8903E-01  4.4869E-03  8.5371E-04  3.6332E-03  2.6622E-02
  3.0000E+01  1.7327E-02  1.7937E-01  1.4015E-01  2.8903E-01  3.4780E-03  1.0334E-03  2.4446E-03  1.7912E-02
  3.0000E+01  1.7327E-02  1.7937E-01  1.4015E-01  2.8903E-01  3.7405E-03  1.3345E-05  3.7272E-03  2.7310E-02
  3.0000E+01  1.7327E-02  1.7937E-01  1.4015E-01  2.8903E-01  1.6602E-03  1.6154E-05  1.6441E-03  1.2047E-02
  3.2000E+01  1.7327E-02  1.7937E-01  1.4015E-01  2.8903E-01  0.0000E+00  5.4446E-01  0.0000E+00  0.0000E+00
  3.2000E+01  1.7327E-02  1.7937E-01  1.4015E-01  2.8903E-01  2.5319E-02  3.7283E-02 -1.1964E-02 -8.7664E-02
  3.2000E+01  1.7327E-02  1.7937E-01  1.4015E-01  2.8903E-01  1.0021E-01  3.5721E-02  6.4488E-02  4.7253E-01
  3.2000E+01  1.7327E-02  1.7937E-01  1.4015E-01  2.8903E-01  3.2345E-02  6.3275E-02 -3.0930E-02 -2.2664E-01
  3.2000E+01  1.7327E-02  1.7937E-01  1.4015E-01  2.8903E-01  1.0171E-01  6.8314E-02  3.3393E-02  2.4468E-01
  3.2000E+01  1.7327E-02  1.7937E-01  1.4015E-01  2.8903E-01  3.7913E-02  5.8826E-02 -2.0912E-02 -1.5323E-01
  3.2000E+01  1.7327E-02  1.7937E-01  1.4015E-01  2.8903E-01  7.9414E-02  6.7872E-02  1.1542E-02  8.4572E-02
  3.2000E+01  1.7327E-02  1.7937E-01  1.4015E-01  2.8903E-01  3.3642E-02  4.7541E-02 -1.3899E-02 -1.0184E-01
  3.2000E+01  1.7327E-02  1.7937E-01  1.4015E-01  2.8903E-01  6.1725E-02  5.6531E-02  5.1934E-03  3.8054E-02
  3.2000E+01  1.7327E-02  1.7937E-01  1.4015E-01  2.8903E-01  2.4506E-02  2.8681E-02 -4.1756E-03 -3.0596E-02
  3.2000E+01  1.7327E-02  1.7937E-01  1.4015E-01  2.8903E-01  4.6544E-02  3.4650E-02  1.1894E-02  8.7152E-02
  3.2000E+01  1.7327E-02  1.7937E-01  1.4015E-01  2.8903E-01  2.3047E-02  1.7070E-02  5.9778E-03  4.3801E-02
  3.2000E+01  1.7327E-02  1.7937E-01  1.4015E-01  2.8903E-01  3.0457E-02  2.0658E-02  9.7989E-03  7.1800E-02
  3.2000E+01  1.7327E-02  1.7937E-01  1.4015E-01  2.8903E-01  1.4750E-02  2.1343E-03  1.2616E-02  9.2442E-02
  3.2000E+01  1.7327E-02  1.7937E-01  1.4015E-01  2.8903E-01  4.0638E-02  2.5835E-03  3.8054E-02  2.7884E-01
  3.2000E+01  1.7327E-02  1.7937E-01  1.4015E-01  2.8903E-01  3.7566E-03  3.3363E-05  3.7232E-03  2.7281E-02
  3.2000E+01  1.7327E-02  1.7937E-01  1.4015E-01  2.8903E-01  4.5099E-03  4.0385E-05  4.4695E-03  3.2750E-02
  3.3000E+01  1.7327E-02  1.7937E-01  1.4015E-01  2.8903E-01  0.0000E+00  5.4446E-01  0.0000E+00  0.0000E+00
  3.3000E+01  1.7327E-02  1.7937E-01  1.4015E-01  2.8903E-01  4.9919E-02  3.7283E-02  1.2636E-02  9.2588E-02
  3.3000E+01  1.7327E-02  1.7937E-01  1.4015E-01  2.8903E-01  1.5939E-01  3.5721E-02  1.2367E-01  9.0618E-01
  3.3000E+01  1.7327E-02  1.7937E-01  1.4015E-01  2.8903E-01  7.5020E-02  6.3275E-02  1.1745E-02  8.6061E-02
  3.3000E+01  1.7327E-02  1.7937E-01  1.4015E-01  2.8903E-01  1.1650E-01  6.8314E-02  4.8183E-02  3.5306E-01
  3.3000E+01  1.7327E-02  1.7937E-01  1.4015E-01  2.8903E-01  3.3175E-02  5.8826E-02 -2.5651E-02 -1.8795E-01
  3.3000E+01  1.7327E-02  1.7937E-01  1.4015E-01  2.8903E-01  5.4830E-02  6.7872E-02 -1.3042E-02 -9.5561E-02
  3.3000E+01  1.7327E-02  1.7937E-01  1.4015E-01  2.8903E-01  1.9495E-02  4.7541E-02 -2.8045E-02 -2.0550E-01
  3.3000E+01  1.7327E-02  1.7937E-01  1.4015E-01  2.8903E-01  2.2829E-02  5.6531E-02 -3.3703E-02 -2.4695E-01
  3.3000E+01  1.7327E-02  1.7937E-01  1.4015E-01  2.8903E-01  1.3913E-02  2.8681E-02 -1.4768E-02 -1.0821E-01
  3.3000E+01  1.7327E-02  1.7937E-01  1.4015E-01  2.8903E-01  1.5609E-02  3.4650E-02 -1.9041E-02 -1.3952E-01
  3.3000E+01  1.7327E-02  1.7937E-01  1.4015E-01  2.8903E-01  9.1829E-03  1.7070E-02 -7.8866E-03 -5.7788E-02
  3.3000E+01  1.7327E-02  1.7937E-01  1.4015E-01  2.8903E-01  1.3974E-02  2.0658E-02 -6.6844E-03 -4.8979E-02
  3.3000E+01  1.7327E-02  1.7937E-01  1.4015E-01  2.8903E-01  4.0768E-03  2.1343E-03  1.9426E-03  1.4234E-02
  3.3000E+01  1.7327E-02  1.7937E-01  1.4015E-01  2.8903E-01  8.6306E-03  2.5835E-03  6.0471E-03  4.4310E-02
  3.3000E+01  1.7327E-02  1.7937E-01  1.4015E-01  2.8903E-01  0.0000E+00  3.3363E-05  0.0000E+00  0.0000E+00
  3.3000E+01  1.7327E-02  1.7937E-01  1.4015E-01  2.8903E-01  0.0000E+00  4.0385E-05  0.0000E+00  0.0000E+00
  3.4000E+01  1.7327E-02  1.7937E-01  1.4015E-01  2.8903E-01  0.0000E+00  5.4446E-01  0.0000E+00  0.0000E+00
  3.4000E+01  1.7327E-02  1.7937E-01  1.4015E-01  2.8903E-01  3.3714E-02  3.7283E-02 -3.5692E-03 -2.6153E-02
  3.4000E+01  1.7327E-02  1.7937E-01  1.4015E-01  2.8903E-01  7.0508E-02  3.5721E-02  3.4787E-02  2.5490E-01
  3.4000E+01  1.7327E-02  1.7937E-01  1.4015E-01  2.8903E-01  5.3764E-02  6.3275E-02 -9.5109E-03 -6.9690E-02
  3.4000E+01  1.7327E-02  1.7937E-01  1.4015E-01  2.8903E-01  5.6146E-02  6.8314E-02 -1.2168E-02 -8.9157E-02
  3.4000E+01  1.7327E-02  1.7937E-01  1.4015E-01  2.8903E-01  3.5925E-02  5.8826E-02 -2.2901E-02 -1.6780E-01
  3.4000E+01  1.7327E-02  1.7937E-01  1.4015E-01  2.8903E-01  3.3467E-02  6.7872E-02 -3.4405E-02 -2.5210E-01
  3.4000E+01  1.7327E-02  1.7937E-01  1.4015E-01  2.8903E-01  2.7138E-02  4.7541E-02 -2.0403E-02 -1.4950E-01
  3.4000E+01  1.7327E-02  1.7937E-01  1.4015E-01  2.8903E-01  2.4535E-02  5.6531E-02 -3.1996E-02 -2.3445E-01
  3.4000E+01  1.7327E-02  1.7937E-01  1.4015E-01  2.8903E-01  2.9471E-02  2.8681E-02  7.8993E-04  5.7881E-03
  3.4000E+01  1.7327E-02  1.7937E-01  1.4015E-01  2.8903E-01  2.2735E-02  3.4650E-02 -1.1915E-02 -8.7306E-02
  3.4000E+01  1.7327E-02  1.7937E-01  1.4015E-01  2.8903E-01  3.2858E-02  1.7070E-02  1.5789E-02  1.1569E-01
  3.4000E+01  1.7327E-02  1.7937E-01  1.4015E-01  2.8903E-01  3.2966E-02  2.0658E-02  1.2307E-02  9.0181E-02
  3.4000E+01  1.7327E-02  1.7937E-01  1.4015E-01  2.8903E-01  1.0811E-02  2.1343E-03  8.6767E-03  6.3578E-02
  3.4000E+01  1.7327E-02  1.7937E-01  1.4015E-01  2.8903E-01  5.6975E-03  2.5835E-03  3.1140E-03  2.2817E-02
  3.4000E+01  1.7327E-02  1.7937E-01  1.4015E-01  2.8903E-01  1.9475E-03  3.3363E-05  1.9141E-03  1.4025E-02
  3.4000E+01  1.7327E-02  1.7937E-01  1.4015E-01  2.8903E-01  1.0395E-03  4.0385E-05  9.9908E-04  7.3206E-03
  3.5000E+01  1.7327E-02  1.7937E-01  1.4015E-01  2.8903E-01  0.0000E+00  5.4446E-01  0.0000E+00  0.0000E+00
  3.5000E+01  1.7327E-02  1.7937E-01  1.4015E-01  2.8903E-01  2.7148E-02  3.7283E-02 -1.0135E-02 -7.4262E-02
  3.5000E+01  1.7327E-02  1.7937E-01  1.4015E-01  2.8903E-01  9.5530E-02  3.5721E-02  5.9810E-02  4.3825E-01
  3.5000E+01  1.7327E-02  1.7937E-01  1.4015E-01  2.8903E-01  8.1400E-02  6.3275E-02  1.8125E-02  1.3281E-01
  3.5000E+01  1.7327E-02  1.7937E-01  1.4015E-01  2.8903E-01  8.0229E-02  6.8314E-02  1.1915E-02  8.7306E-02
  3.5000E+01  1.7327E-02  1.7937E-01  1.4015E-01  2.8903E-01  4.1585E-02  5.8826E-02 -1.7241E-02 -1.2633E-01
  3.5000E+01  1.7327E-02  1.7937E-01  1.4015E-01  2.8903E-01  4.0479E-02  6.7872E-02 -2.7393E-02 -2.0072E-01
  3.5000E+01  1.7327E-02  1.7937E-01  1.4015E-01  2.8903E-01  4.6943E-02  4.7541E-02 -5.9815E-04 -4.3828E-03
  3.5000E+01  1.7327E-02  1.7937E-01  1.4015E-01  2.8903E-01  6.3533E-02  5.6531E-02  7.0021E-03  5.1307E-02
  3.5000E+01  1.7327E-02  1.7937E-01  1.4015E-01  2.8903E-01  3.6705E-02  2.8681E-02  8.0233E-03  5.8790E-02
  3.5000E+01  1.7327E-02  1.7937E-01  1.4015E-01  2.8903E-01  4.4553E-02  3.4650E-02  9.9026E-03  7.2560E-02
  3.5000E+01  1.7327E-02  1.7937E-01  1.4015E-01  2.8903E-01  4.0553E-02  1.7070E-02  2.3483E-02  1.7207E-01
  3.5000E+01  1.7327E-02  1.7937E-01  1.4015E-01  2.8903E-01  5.9031E-02  2.0658E-02  3.8373E-02  2.8117E-01
  3.5000E+01  1.7327E-02  1.7937E-01  1.4015E-01  2.8903E-01  1.0980E-02  2.1343E-03  8.8457E-03  6.4816E-02
  3.5000E+01  1.7327E-02  1.7937E-01  1.4015E-01  2.8903E-01  2.3753E-02  2.5835E-03  2.1169E-02  1.5512E-01
  3.5000E+01  1.7327E-02  1.7937E-01  1.4015E-01  2.8903E-01  2.7286E-03  3.3363E-05  2.6952E-03  1.9749E-02
  3.5000E+01  1.7327E-02  1.7937E-01  1.4015E-01  2.8903E-01  2.4532E-03  4.0385E-05  2.4128E-03  1.7679E-02
  3.6000E+01  1.7327E-02  1.7937E-01  1.4015E-01  2.8903E-01  0.0000E+00  5.4446E-01  0.0000E+00  0.0000E+00
  3.6000E+01  1.7327E-02  1.7937E-01  1.4015E-01  2.8903E-01  3.6949E-02  3.7283E-02 -3.3440E-04 -2.4503E-03
  3.6000E+01  1.7327E-02  1.7937E-01  1.4015E-01  2.8903E-01  7.0882E-02  3.5721E-02  3.5161E-02  2.5764E-01
  3.6000E+01  1.7327E-02  1.7937E-01  1.4015E-01  2.8903E-01  5.0352E-02  6.3275E-02 -1.2923E-02 -9.4693E-02
  3.6000E+01  1.7327E-02  1.7937E-01  1.4015E-01  2.8903E-01  5.4374E-02  6.8314E-02 -1.3940E-02 -1.0214E-01
  3.6000E+01  1.7327E-02  1.7937E-01  1.4015E-01  2.8903E-01  5.5011E-02  5.8826E-02 -3.8144E-03 -2.7950E-02
  3.6000E+01  1.7327E-02  1.7937E-01  1.4015E-01  2.8903E-01  3.5608E-02  6.7872E-02 -3.2264E-02 -2.3641E-01
  3.6000E+01  1.7327E-02  1.7937E-01  1.4015E-01  2.8903E-01  6.4740E-02  4.7541E-02  1.7200E-02  1.2603E-01
  3.6000E+01  1.7327E-02  1.7937E-01  1.4015E-01  2.8903E-01  2.7764E-02  5.6531E-02 -2.8768E-02 -2.1079E-01
  3.6000E+01  1.7327E-02  1.7937E-01  1.4015E-01  2.8903E-01  5.5933E-02  2.8681E-02  2.7251E-02  1.9968E-01
  3.6000E+01  1.7327E-02  1.7937E-01  1.4015E-01  2.8903E-01  3.0791E-02  3.4650E-02 -3.8592E-03 -2.8278E-02
  3.6000E+01  1.7327E-02  1.7937E-01  1.4015E-01  2.8903E-01  4.6274E-02  1.7070E-02  2.9204E-02  2.1399E-01
  3.6000E+01  1.7327E-02  1.7937E-01  1.4015E-01  2.8903E-01  4.7612E-02  2.0658E-02  2.6954E-02  1.9750E-01
  3.6000E+01  1.7327E-02  1.7937E-01  1.4015E-01  2.8903E-01  7.6409E-03  2.1343E-03  5.5066E-03  4.0349E-02
  3.6000E+01  1.7327E-02  1.7937E-01  1.4015E-01  2.8903E-01  1.6926E-02  2.5835E-03  1.4342E-02  1.0509E-01
  3.6000E+01  1.7327E-02  1.7937E-01  1.4015E-01  2.8903E-01  1.3913E-03  3.3363E-05  1.3579E-03  9.9500E-03
  3.6000E+01  1.7327E-02  1.7937E-01  1.4015E-01  2.8903E-01  5.1992E-04  4.0385E-05  4.7953E-04  3.5137E-03
