TABLE NO.  1
 ID          TIME        DV          MDV         CMT         DL          DV          PRED        RES         WRES
  1.0000E+00  0.0000E+00  0.0000E+00  1.0000E+00  1.0000E+00  1.0000E+00  0.0000E+00  1.1147E+00  0.0000E+00  0.0000E+00
  1.0000E+00  0.0000E+00  0.0000E+00  1.0000E+00  2.0000E+00  1.0000E+00  0.0000E+00  1.1147E+00  0.0000E+00  0.0000E+00
  1.0000E+00  0.0000E+00  0.0000E+00  1.0000E+00  3.0000E+00  1.0000E+00  0.0000E+00  1.1147E+00  0.0000E+00  0.0000E+00
  1.0000E+00  2.0000E+00  1.2515E+00  0.0000E+00  1.0000E+00  1.0000E+00  1.2515E+00  8.6780E-01  3.8369E-01  2.2803E+00
  1.0000E+00  2.0000E+00  8.4523E-02  0.0000E+00  2.0000E+00  1.0000E+00  8.4523E-02  4.0064E-02  4.4459E-02  2.6422E-01
  1.0000E+00  2.0000E+00  2.8306E-01  0.0000E+00  3.0000E+00  1.0000E+00  2.8306E-01  1.7245E-01  1.1060E-01  6.5732E-01
  1.0000E+00  5.0000E+00  6.7949E-01  0.0000E+00  1.0000E+00  1.0000E+00  6.7949E-01  5.9607E-01  8.3424E-02  4.9580E-01
  1.0000E+00  5.0000E+00  9.7183E-02  0.0000E+00  2.0000E+00  1.0000E+00  9.7183E-02  6.3557E-02  3.3626E-02  1.9984E-01
  1.0000E+00  5.0000E+00  3.9320E-01  0.0000E+00  3.0000E+00  1.0000E+00  3.9320E-01  2.8970E-01  1.0350E-01  6.1510E-01
  1.0000E+00  1.0000E+01  3.9554E-01  0.0000E+00  1.0000E+00  1.0000E+00  3.9554E-01  3.1873E-01  7.6808E-02  4.5648E-01
  1.0000E+00  1.0000E+01  4.1413E-02  0.0000E+00  2.0000E+00  1.0000E+00  4.1413E-02  5.9856E-02 -1.8443E-02 -1.0961E-01
  1.0000E+00  1.0000E+01  2.8224E-01  0.0000E+00  3.0000E+00  1.0000E+00  2.8224E-01  2.9879E-01 -1.6551E-02 -9.8362E-02
  1.0000E+00  1.5000E+01  9.0704E-02  0.0000E+00  1.0000E+00  1.0000E+00  9.0704E-02  1.7043E-01 -7.9726E-02 -4.7382E-01
  1.0000E+00  1.5000E+01  3.5984E-02  0.0000E+00  2.0000E+00  1.0000E+00  3.5984E-02  4.2537E-02 -6.5534E-03 -3.8947E-02
  1.0000E+00  1.5000E+01  4.3938E-01  0.0000E+00  3.0000E+00  1.0000E+00  4.3938E-01  2.3123E-01  2.0816E-01  1.2371E+00
  1.0000E+00  2.0000E+01  9.5029E-02  0.0000E+00  1.0000E+00  1.0000E+00  9.5029E-02  9.1132E-02  3.8965E-03  2.3157E-02
  1.0000E+00  2.0000E+01  6.7323E-02  0.0000E+00  2.0000E+00  1.0000E+00  6.7323E-02  2.7032E-02  4.0291E-02  2.3945E-01
  1.0000E+00  2.0000E+01  7.3311E-01  0.0000E+00  3.0000E+00  1.0000E+00  7.3311E-01  1.5913E-01  5.7398E-01  3.4112E+00
  1.0000E+00  3.0000E+01  7.8382E-02  0.0000E+00  1.0000E+00  1.0000E+00  7.8382E-02  2.6057E-02  5.2325E-02  3.1097E-01
  1.0000E+00  3.0000E+01  2.5186E-02  0.0000E+00  2.0000E+00  1.0000E+00  2.5186E-02  9.3724E-03  1.5814E-02  9.3983E-02
  1.0000E+00  3.0000E+01  1.2611E-01  0.0000E+00  3.0000E+00  1.0000E+00  1.2611E-01  6.3678E-02  6.2431E-02  3.7103E-01
  1.0000E+00  4.5000E+01  3.0037E-02  0.0000E+00  1.0000E+00  1.0000E+00  3.0037E-02  3.9838E-03  2.6053E-02  1.5484E-01
  1.0000E+00  4.5000E+01  1.1316E-02  0.0000E+00  2.0000E+00  1.0000E+00  1.1316E-02  1.6264E-03  9.6900E-03  5.7589E-02
  1.0000E+00  4.5000E+01  4.4509E-02  0.0000E+00  3.0000E+00  1.0000E+00  4.4509E-02  1.3206E-02  3.1303E-02  1.8604E-01
  1.0000E+00  6.0000E+01  2.1091E-02  0.0000E+00  1.0000E+00  1.0000E+00  2.1091E-02  6.0908E-04  2.0482E-02  1.2172E-01
  1.0000E+00  6.0000E+01  5.4493E-03  0.0000E+00  2.0000E+00  1.0000E+00  5.4493E-03  2.6171E-04  5.1876E-03  3.0830E-02
  1.0000E+00  6.0000E+01  2.0559E-02  0.0000E+00  3.0000E+00  1.0000E+00  2.0559E-02  2.4441E-03  1.8115E-02  1.0766E-01
  1.0000E+00  9.0000E+01  0.0000E+00  1.0000E+00  1.0000E+00  1.0000E+00  0.0000E+00  1.4237E-05  0.0000E+00  0.0000E+00
  1.0000E+00  9.0000E+01  0.0000E+00  1.0000E+00  2.0000E+00  1.0000E+00  0.0000E+00  1.4237E-05  0.0000E+00  0.0000E+00
  1.0000E+00  9.0000E+01  9.0481E-03  0.0000E+00  3.0000E+00  1.0000E+00  9.0481E-03  7.1474E-05  8.9766E-03  5.3349E-02
  1.0000E+00  1.2000E+02  0.0000E+00  1.0000E+00  1.0000E+00  1.0000E+00  0.0000E+00  3.3279E-07  0.0000E+00  0.0000E+00
  1.0000E+00  1.2000E+02  0.0000E+00  1.0000E+00  2.0000E+00  1.0000E+00  0.0000E+00  3.3279E-07  0.0000E+00  0.0000E+00
  1.0000E+00  1.2000E+02  0.0000E+00  1.0000E+00  3.0000E+00  1.0000E+00  0.0000E+00  3.3279E-07  0.0000E+00  0.0000E+00
  2.0000E+00  0.0000E+00  0.0000E+00  1.0000E+00  1.0000E+00  1.0000E+00  0.0000E+00  1.1147E+00  0.0000E+00  0.0000E+00
  2.0000E+00  0.0000E+00  0.0000E+00  1.0000E+00  2.0000E+00  1.0000E+00  0.0000E+00  1.1147E+00  0.0000E+00  0.0000E+00
  2.0000E+00  0.0000E+00  0.0000E+00  1.0000E+00  3.0000E+00  1.0000E+00  0.0000E+00  1.1147E+00  0.0000E+00  0.0000E+00
  2.0000E+00  2.0000E+00  7.0005E-01  0.0000E+00  1.0000E+00  1.0000E+00  7.0005E-01  8.6780E-01 -1.6776E-01 -9.9699E-01
  2.0000E+00  2.0000E+00  9.8590E-02  0.0000E+00  2.0000E+00  1.0000E+00  9.8590E-02  4.0064E-02  5.8526E-02  3.4782E-01
  2.0000E+00  2.0000E+00  2.6160E-01  0.0000E+00  3.0000E+00  1.0000E+00  2.6160E-01  1.7245E-01  8.9144E-02  5.2979E-01
  2.0000E+00  5.0000E+00  4.6367E-01  0.0000E+00  1.0000E+00  1.0000E+00  4.6367E-01  5.9607E-01 -1.3240E-01 -7.8685E-01
  2.0000E+00  5.0000E+00  5.4269E-02  0.0000E+00  2.0000E+00  1.0000E+00  5.4269E-02  6.3557E-02 -9.2878E-03 -5.5198E-02
  2.0000E+00  5.0000E+00  1.8639E-01  0.0000E+00  3.0000E+00  1.0000E+00  1.8639E-01  2.8970E-01 -1.0331E-01 -6.1400E-01
  2.0000E+00  1.0000E+01  2.3654E-01  0.0000E+00  1.0000E+00  1.0000E+00  2.3654E-01  3.1873E-01 -8.2192E-02 -4.8847E-01
  2.0000E+00  1.0000E+01  3.4595E-02  0.0000E+00  2.0000E+00  1.0000E+00  3.4595E-02  5.9856E-02 -2.5261E-02 -1.5013E-01
  2.0000E+00  1.0000E+01  1.7408E-01  0.0000E+00  3.0000E+00  1.0000E+00  1.7408E-01  2.9879E-01 -1.2470E-01 -7.4112E-01
  2.0000E+00  1.5000E+01  1.7202E-01  0.0000E+00  1.0000E+00  1.0000E+00  1.7202E-01  1.7043E-01  1.5853E-03  9.4215E-03
  2.0000E+00  1.5000E+01  2.7459E-02  0.0000E+00  2.0000E+00  1.0000E+00  2.7459E-02  4.2537E-02 -1.5077E-02 -8.9607E-02
  2.0000E+00  1.5000E+01  1.1797E-01  0.0000E+00  3.0000E+00  1.0000E+00  1.1797E-01  2.3123E-01 -1.1326E-01 -6.7311E-01
  2.0000E+00  2.0000E+01  1.1766E-01  0.0000E+00  1.0000E+00  1.0000E+00  1.1766E-01  9.1132E-02  2.6529E-02  1.5767E-01
  2.0000E+00  2.0000E+01  3.0066E-02  0.0000E+00  2.0000E+00  1.0000E+00  3.0066E-02  2.7032E-02  3.0340E-03  1.8032E-02
  2.0000E+00  2.0000E+01  1.4598E-01  0.0000E+00  3.0000E+00  1.0000E+00  1.4598E-01  1.5913E-01 -1.3150E-02 -7.8151E-02
  2.0000E+00  3.0000E+01  5.9915E-02  0.0000E+00  1.0000E+00  1.0000E+00  5.9915E-02  2.6057E-02  3.3859E-02  2.0122E-01
  2.0000E+00  3.0000E+01  1.9941E-02  0.0000E+00  2.0000E+00  1.0000E+00  1.9941E-02  9.3724E-03  1.0569E-02  6.2812E-02
  2.0000E+00  3.0000E+01  8.2562E-02  0.0000E+00  3.0000E+00  1.0000E+00  8.2562E-02  6.3678E-02  1.8883E-02  1.1223E-01
  2.0000E+00  4.5000E+01  3.7580E-02  0.0000E+00  1.0000E+00  1.0000E+00  3.7580E-02  3.9838E-03  3.3596E-02  1.9966E-01
  2.0000E+00  4.5000E+01  1.2817E-02  0.0000E+00  2.0000E+00  1.0000E+00  1.2817E-02  1.6264E-03  1.1190E-02  6.6504E-02
  2.0000E+00  4.5000E+01  4.8137E-02  0.0000E+00  3.0000E+00  1.0000E+00  4.8137E-02  1.3206E-02  3.4931E-02  2.0760E-01
  2.0000E+00  6.0000E+01  0.0000E+00  1.0000E+00  1.0000E+00  1.0000E+00  0.0000E+00  6.0908E-04  0.0000E+00  0.0000E+00
  2.0000E+00  6.0000E+01  9.1171E-03  0.0000E+00  2.0000E+00  1.0000E+00  9.1171E-03  2.6171E-04  8.8554E-03  5.2628E-02
  2.0000E+00  6.0000E+01  1.9701E-02  0.0000E+00  3.0000E+00  1.0000E+00  1.9701E-02  2.4441E-03  1.7257E-02  1.0256E-01
  2.0000E+00  9.0000E+01  0.0000E+00  1.0000E+00  1.0000E+00  1.0000E+00  0.0000E+00  1.4237E-05  0.0000E+00  0.0000E+00
  2.0000E+00  9.0000E+01  0.0000E+00  1.0000E+00  2.0000E+00  1.0000E+00  0.0000E+00  1.4237E-05  0.0000E+00  0.0000E+00
  2.0000E+00  9.0000E+01  6.9208E-03  0.0000E+00  3.0000E+00  1.0000E+00  6.9208E-03  7.1474E-05  6.8493E-03  4.0706E-02
  2.0000E+00  1.2000E+02  0.0000E+00  1.0000E+00  1.0000E+00  1.0000E+00  0.0000E+00  3.3279E-07  0.0000E+00  0.0000E+00
  2.0000E+00  1.2000E+02  0.0000E+00  1.0000E+00  2.0000E+00  1.0000E+00  0.0000E+00  3.3279E-07  0.0000E+00  0.0000E+00
  2.0000E+00  1.2000E+02  2.4376E-03  0.0000E+00  3.0000E+00  1.0000E+00  2.4376E-03  1.8859E-06  2.4357E-03  1.4476E-02
  3.0000E+00  0.0000E+00  0.0000E+00  1.0000E+00  1.0000E+00  1.0000E+00  0.0000E+00  1.1147E+00  0.0000E+00  0.0000E+00
  3.0000E+00  0.0000E+00  0.0000E+00  1.0000E+00  2.0000E+00  1.0000E+00  0.0000E+00  1.1147E+00  0.0000E+00  0.0000E+00
  3.0000E+00  0.0000E+00  0.0000E+00  1.0000E+00  3.0000E+00  1.0000E+00  0.0000E+00  1.1147E+00  0.0000E+00  0.0000E+00
  3.0000E+00  2.0000E+00  6.9184E-01  0.0000E+00  1.0000E+00  1.0000E+00  6.9184E-01  8.6780E-01 -1.7596E-01 -1.0458E+00
  3.0000E+00  2.0000E+00  8.5567E-02  0.0000E+00  2.0000E+00  1.0000E+00  8.5567E-02  4.0064E-02  4.5503E-02  2.7042E-01
  3.0000E+00  2.0000E+00  2.3866E-01  0.0000E+00  3.0000E+00  1.0000E+00  2.3866E-01  1.7245E-01  6.6208E-02  3.9348E-01
  3.0000E+00  5.0000E+00  4.9224E-01  0.0000E+00  1.0000E+00  1.0000E+00  4.9224E-01  5.9607E-01 -1.0382E-01 -6.1704E-01
  3.0000E+00  5.0000E+00  7.8575E-02  0.0000E+00  2.0000E+00  1.0000E+00  7.8575E-02  6.3557E-02  1.5018E-02  8.9254E-02
  3.0000E+00  5.0000E+00  2.8869E-01  0.0000E+00  3.0000E+00  1.0000E+00  2.8869E-01  2.8970E-01 -1.0146E-03 -6.0299E-03
  3.0000E+00  1.0000E+01  3.4308E-01  0.0000E+00  1.0000E+00  1.0000E+00  3.4308E-01  3.1873E-01  2.4353E-02  1.4473E-01
  3.0000E+00  1.0000E+01  5.7500E-02  0.0000E+00  2.0000E+00  1.0000E+00  5.7500E-02  5.9856E-02 -2.3562E-03 -1.4003E-02
  3.0000E+00  1.0000E+01  2.4895E-01  0.0000E+00  3.0000E+00  1.0000E+00  2.4895E-01  2.9879E-01 -4.9833E-02 -2.9616E-01
  3.0000E+00  1.5000E+01  2.2622E-01  0.0000E+00  1.0000E+00  1.0000E+00  2.2622E-01  1.7043E-01  5.5789E-02  3.3156E-01
  3.0000E+00  1.5000E+01  4.2181E-02  0.0000E+00  2.0000E+00  1.0000E+00  4.2181E-02  4.2537E-02 -3.5634E-04 -2.1177E-03
  3.0000E+00  1.5000E+01  1.9632E-01  0.0000E+00  3.0000E+00  1.0000E+00  1.9632E-01  2.3123E-01 -3.4910E-02 -2.0747E-01
  3.0000E+00  2.0000E+01  1.1753E-01  0.0000E+00  1.0000E+00  1.0000E+00  1.1753E-01  9.1132E-02  2.6395E-02  1.5687E-01
  3.0000E+00  2.0000E+01  3.7602E-02  0.0000E+00  2.0000E+00  1.0000E+00  3.7602E-02  2.7032E-02  1.0570E-02  6.2821E-02
  3.0000E+00  2.0000E+01  1.8233E-01  0.0000E+00  3.0000E+00  1.0000E+00  1.8233E-01  1.5913E-01  2.3198E-02  1.3787E-01
  3.0000E+00  3.0000E+01  8.6376E-02  0.0000E+00  1.0000E+00  1.0000E+00  8.6376E-02  2.6057E-02  6.0319E-02  3.5848E-01
  3.0000E+00  3.0000E+01  2.2411E-02  0.0000E+00  2.0000E+00  1.0000E+00  2.2411E-02  9.3724E-03  1.3039E-02  7.7491E-02
  3.0000E+00  3.0000E+01  1.2741E-01  0.0000E+00  3.0000E+00  1.0000E+00  1.2741E-01  6.3678E-02  6.3728E-02  3.7874E-01
  3.0000E+00  4.5000E+01  0.0000E+00  1.0000E+00  1.0000E+00  1.0000E+00  0.0000E+00  3.9838E-03  0.0000E+00  0.0000E+00
  3.0000E+00  4.5000E+01  0.0000E+00  1.0000E+00  2.0000E+00  1.0000E+00  0.0000E+00  3.9838E-03  0.0000E+00  0.0000E+00
  3.0000E+00  4.5000E+01  0.0000E+00  1.0000E+00  3.0000E+00  1.0000E+00  0.0000E+00  3.9838E-03  0.0000E+00  0.0000E+00
  3.0000E+00  6.0000E+01  0.0000E+00  1.0000E+00  1.0000E+00  1.0000E+00  0.0000E+00  6.0908E-04  0.0000E+00  0.0000E+00
  3.0000E+00  6.0000E+01  0.0000E+00  1.0000E+00  2.0000E+00  1.0000E+00  0.0000E+00  6.0908E-04  0.0000E+00  0.0000E+00
  3.0000E+00  6.0000E+01  0.0000E+00  1.0000E+00  3.0000E+00  1.0000E+00  0.0000E+00  6.0908E-04  0.0000E+00  0.0000E+00
  3.0000E+00  9.0000E+01  0.0000E+00  1.0000E+00  1.0000E+00  1.0000E+00  0.0000E+00  1.4237E-05  0.0000E+00  0.0000E+00
  3.0000E+00  9.0000E+01  0.0000E+00  1.0000E+00  2.0000E+00  1.0000E+00  0.0000E+00  1.4237E-05  0.0000E+00  0.0000E+00
  3.0000E+00  9.0000E+01  0.0000E+00  1.0000E+00  3.0000E+00  1.0000E+00  0.0000E+00  1.4237E-05  0.0000E+00  0.0000E+00
  3.0000E+00  1.2000E+02  0.0000E+00  1.0000E+00  1.0000E+00  1.0000E+00  0.0000E+00  3.3279E-07  0.0000E+00  0.0000E+00
  3.0000E+00  1.2000E+02  0.0000E+00  1.0000E+00  2.0000E+00  1.0000E+00  0.0000E+00  3.3279E-07  0.0000E+00  0.0000E+00
  3.0000E+00  1.2000E+02  0.0000E+00  1.0000E+00  3.0000E+00  1.0000E+00  0.0000E+00  3.3279E-07  0.0000E+00  0.0000E+00
  4.0000E+00  0.0000E+00  0.0000E+00  1.0000E+00  1.0000E+00  1.0000E+00  0.0000E+00  1.1147E+00  0.0000E+00  0.0000E+00
  4.0000E+00  0.0000E+00  0.0000E+00  1.0000E+00  2.0000E+00  1.0000E+00  0.0000E+00  1.1147E+00  0.0000E+00  0.0000E+00
  4.0000E+00  0.0000E+00  0.0000E+00  1.0000E+00  3.0000E+00  1.0000E+00  0.0000E+00  1.1147E+00  0.0000E+00  0.0000E+00
  4.0000E+00  2.0000E+00  4.2806E-01  0.0000E+00  1.0000E+00  1.0000E+00  4.2806E-01  8.6780E-01 -4.3974E-01 -2.6134E+00
  4.0000E+00  2.0000E+00  7.5711E-02  0.0000E+00  2.0000E+00  1.0000E+00  7.5711E-02  4.0064E-02  3.5646E-02  2.1185E-01
  4.0000E+00  2.0000E+00  2.2091E-01  0.0000E+00  3.0000E+00  1.0000E+00  2.2091E-01  1.7245E-01  4.8459E-02  2.8800E-01
  4.0000E+00  5.0000E+00  6.0749E-01  0.0000E+00  1.0000E+00  1.0000E+00  6.0749E-01  5.9607E-01  1.1421E-02  6.7879E-02
  4.0000E+00  5.0000E+00  6.2910E-02  0.0000E+00  2.0000E+00  1.0000E+00  6.2910E-02  6.3557E-02 -6.4652E-04 -3.8423E-03
  4.0000E+00  5.0000E+00  2.2759E-01  0.0000E+00  3.0000E+00  1.0000E+00  2.2759E-01  2.8970E-01 -6.2105E-02 -3.6909E-01
  4.0000E+00  1.0000E+01  2.6508E-01  0.0000E+00  1.0000E+00  1.0000E+00  2.6508E-01  3.1873E-01 -5.3653E-02 -3.1886E-01
  4.0000E+00  1.0000E+01  4.3093E-02  0.0000E+00  2.0000E+00  1.0000E+00  4.3093E-02  5.9856E-02 -1.6763E-02 -9.9624E-02
  4.0000E+00  1.0000E+01  2.0214E-01  0.0000E+00  3.0000E+00  1.0000E+00  2.0214E-01  2.9879E-01 -9.6646E-02 -5.7438E-01
  4.0000E+00  1.5000E+01  2.0983E-01  0.0000E+00  1.0000E+00  1.0000E+00  2.0983E-01  1.7043E-01  3.9404E-02  2.3418E-01
  4.0000E+00  1.5000E+01  3.3288E-02  0.0000E+00  2.0000E+00  1.0000E+00  3.3288E-02  4.2537E-02 -9.2494E-03 -5.4970E-02
  4.0000E+00  1.5000E+01  1.4980E-01  0.0000E+00  3.0000E+00  1.0000E+00  1.4980E-01  2.3123E-01 -8.1423E-02 -4.8390E-01
  4.0000E+00  2.0000E+01  9.9859E-02  0.0000E+00  1.0000E+00  1.0000E+00  9.9859E-02  9.1132E-02  8.7267E-03  5.1863E-02
  4.0000E+00  2.0000E+01  3.2202E-02  0.0000E+00  2.0000E+00  1.0000E+00  3.2202E-02  2.7032E-02  5.1705E-03  3.0728E-02
  4.0000E+00  2.0000E+01  1.7512E-01  0.0000E+00  3.0000E+00  1.0000E+00  1.7512E-01  1.5913E-01  1.5991E-02  9.5037E-02
  4.0000E+00  3.0000E+01  7.1663E-02  0.0000E+00  1.0000E+00  1.0000E+00  7.1663E-02  2.6057E-02  4.5606E-02  2.7104E-01
  4.0000E+00  3.0000E+01  2.7932E-02  0.0000E+00  2.0000E+00  1.0000E+00  2.7932E-02  9.3724E-03  1.8560E-02  1.1030E-01
  4.0000E+00  3.0000E+01  1.1486E-01  0.0000E+00  3.0000E+00  1.0000E+00  1.1486E-01  6.3678E-02  5.1180E-02  3.0417E-01
  4.0000E+00  4.5000E+01  3.9346E-02  0.0000E+00  1.0000E+00  1.0000E+00  3.9346E-02  3.9838E-03  3.5362E-02  2.1016E-01
  4.0000E+00  4.5000E+01  8.9048E-03  0.0000E+00  2.0000E+00  1.0000E+00  8.9048E-03  1.6264E-03  7.2784E-03  4.3256E-02
  4.0000E+00  4.5000E+01  4.4412E-02  0.0000E+00  3.0000E+00  1.0000E+00  4.4412E-02  1.3206E-02  3.1206E-02  1.8546E-01
  4.0000E+00  6.0000E+01  0.0000E+00  1.0000E+00  1.0000E+00  1.0000E+00  0.0000E+00  6.0908E-04  0.0000E+00  0.0000E+00
  4.0000E+00  6.0000E+01  0.0000E+00  1.0000E+00  2.0000E+00  1.0000E+00  0.0000E+00  6.0908E-04  0.0000E+00  0.0000E+00
  4.0000E+00  6.0000E+01  0.0000E+00  1.0000E+00  3.0000E+00  1.0000E+00  0.0000E+00  6.0908E-04  0.0000E+00  0.0000E+00
  4.0000E+00  9.0000E+01  0.0000E+00  1.0000E+00  1.0000E+00  1.0000E+00  0.0000E+00  1.4237E-05  0.0000E+00  0.0000E+00
  4.0000E+00  9.0000E+01  0.0000E+00  1.0000E+00  2.0000E+00  1.0000E+00  0.0000E+00  1.4237E-05  0.0000E+00  0.0000E+00
  4.0000E+00  9.0000E+01  0.0000E+00  1.0000E+00  3.0000E+00  1.0000E+00  0.0000E+00  1.4237E-05  0.0000E+00  0.0000E+00
  4.0000E+00  1.2000E+02  0.0000E+00  1.0000E+00  1.0000E+00  1.0000E+00  0.0000E+00  3.3279E-07  0.0000E+00  0.0000E+00
  4.0000E+00  1.2000E+02  0.0000E+00  1.0000E+00  2.0000E+00  1.0000E+00  0.0000E+00  3.3279E-07  0.0000E+00  0.0000E+00
  4.0000E+00  1.2000E+02  0.0000E+00  1.0000E+00  3.0000E+00  1.0000E+00  0.0000E+00  3.3279E-07  0.0000E+00  0.0000E+00
  5.0000E+00  0.0000E+00  0.0000E+00  1.0000E+00  1.0000E+00  1.0000E+00  0.0000E+00  1.1147E+00  0.0000E+00  0.0000E+00
  5.0000E+00  0.0000E+00  0.0000E+00  1.0000E+00  2.0000E+00  1.0000E+00  0.0000E+00  1.1147E+00  0.0000E+00  0.0000E+00
  5.0000E+00  0.0000E+00  0.0000E+00  1.0000E+00  3.0000E+00  1.0000E+00  0.0000E+00  1.1147E+00  0.0000E+00  0.0000E+00
  5.0000E+00  2.0000E+00  7.4113E-01  0.0000E+00  1.0000E+00  1.0000E+00  7.4113E-01  8.6780E-01 -1.2668E-01 -7.5284E-01
  5.0000E+00  2.0000E+00  1.0271E-01  0.0000E+00  2.0000E+00  1.0000E+00  1.0271E-01  4.0064E-02  6.2649E-02  3.7233E-01
  5.0000E+00  2.0000E+00  2.9757E-01  0.0000E+00  3.0000E+00  1.0000E+00  2.9757E-01  1.7245E-01  1.2511E-01  7.4355E-01
  5.0000E+00  5.0000E+00  6.9791E-01  0.0000E+00  1.0000E+00  1.0000E+00  6.9791E-01  5.9607E-01  1.0184E-01  6.0524E-01
  5.0000E+00  5.0000E+00  1.0137E-01  0.0000E+00  2.0000E+00  1.0000E+00  1.0137E-01  6.3557E-02  3.7818E-02  2.2476E-01
  5.0000E+00  5.0000E+00  3.0011E-01  0.0000E+00  3.0000E+00  1.0000E+00  3.0011E-01  2.8970E-01  1.0414E-02  6.1893E-02
  5.0000E+00  1.0000E+01  3.3251E-01  0.0000E+00  1.0000E+00  1.0000E+00  3.3251E-01  3.1873E-01  1.3786E-02  8.1930E-02
  5.0000E+00  1.0000E+01  7.5230E-02  0.0000E+00  2.0000E+00  1.0000E+00  7.5230E-02  5.9856E-02  1.5374E-02  9.1370E-02
  5.0000E+00  1.0000E+01  2.9453E-01  0.0000E+00  3.0000E+00  1.0000E+00  2.9453E-01  2.9879E-01 -4.2586E-03 -2.5309E-02
  5.0000E+00  1.5000E+01  2.9694E-01  0.0000E+00  1.0000E+00  1.0000E+00  2.9694E-01  1.7043E-01  1.2651E-01  7.5187E-01
  5.0000E+00  1.5000E+01  6.5308E-02  0.0000E+00  2.0000E+00  1.0000E+00  6.5308E-02  4.2537E-02  2.2771E-02  1.3533E-01
  5.0000E+00  1.5000E+01  2.6111E-01  0.0000E+00  3.0000E+00  1.0000E+00  2.6111E-01  2.3123E-01  2.9880E-02  1.7758E-01
  5.0000E+00  2.0000E+01  1.9322E-01  0.0000E+00  1.0000E+00  1.0000E+00  1.9322E-01  9.1132E-02  1.0209E-01  6.0673E-01
  5.0000E+00  2.0000E+01  3.8275E-02  0.0000E+00  2.0000E+00  1.0000E+00  3.8275E-02  2.7032E-02  1.1243E-02  6.6818E-02
  5.0000E+00  2.0000E+01  1.6223E-01  0.0000E+00  3.0000E+00  1.0000E+00  1.6223E-01  1.5913E-01  3.1009E-03  1.8429E-02
  5.0000E+00  3.0000E+01  1.4249E-01  0.0000E+00  1.0000E+00  1.0000E+00  1.4249E-01  2.6057E-02  1.1643E-01  6.9196E-01
  5.0000E+00  3.0000E+01  4.2253E-02  0.0000E+00  2.0000E+00  1.0000E+00  4.2253E-02  9.3724E-03  3.2880E-02  1.9541E-01
  5.0000E+00  3.0000E+01  1.5744E-01  0.0000E+00  3.0000E+00  1.0000E+00  1.5744E-01  6.3678E-02  9.3762E-02  5.5723E-01
  5.0000E+00  4.5000E+01  6.7844E-02  0.0000E+00  1.0000E+00  1.0000E+00  6.7844E-02  3.9838E-03  6.3861E-02  3.7953E-01
  5.0000E+00  4.5000E+01  2.5643E-02  0.0000E+00  2.0000E+00  1.0000E+00  2.5643E-02  1.6264E-03  2.4016E-02  1.4273E-01
  5.0000E+00  4.5000E+01  9.8244E-02  0.0000E+00  3.0000E+00  1.0000E+00  9.8244E-02  1.3206E-02  8.5038E-02  5.0539E-01
  5.0000E+00  6.0000E+01  0.0000E+00  1.0000E+00  1.0000E+00  1.0000E+00  0.0000E+00  6.0908E-04  0.0000E+00  0.0000E+00
  5.0000E+00  6.0000E+01  0.0000E+00  1.0000E+00  2.0000E+00  1.0000E+00  0.0000E+00  6.0908E-04  0.0000E+00  0.0000E+00
  5.0000E+00  6.0000E+01  0.0000E+00  1.0000E+00  3.0000E+00  1.0000E+00  0.0000E+00  6.0908E-04  0.0000E+00  0.0000E+00
  5.0000E+00  9.0000E+01  0.0000E+00  1.0000E+00  1.0000E+00  1.0000E+00  0.0000E+00  1.4237E-05  0.0000E+00  0.0000E+00
  5.0000E+00  9.0000E+01  0.0000E+00  1.0000E+00  2.0000E+00  1.0000E+00  0.0000E+00  1.4237E-05  0.0000E+00  0.0000E+00
  5.0000E+00  9.0000E+01  0.0000E+00  1.0000E+00  3.0000E+00  1.0000E+00  0.0000E+00  1.4237E-05  0.0000E+00  0.0000E+00
  5.0000E+00  1.2000E+02  0.0000E+00  1.0000E+00  1.0000E+00  1.0000E+00  0.0000E+00  3.3279E-07  0.0000E+00  0.0000E+00
  5.0000E+00  1.2000E+02  0.0000E+00  1.0000E+00  2.0000E+00  1.0000E+00  0.0000E+00  3.3279E-07  0.0000E+00  0.0000E+00
  5.0000E+00  1.2000E+02  0.0000E+00  1.0000E+00  3.0000E+00  1.0000E+00  0.0000E+00  3.3279E-07  0.0000E+00  0.0000E+00
  6.0000E+00  0.0000E+00  0.0000E+00  1.0000E+00  1.0000E+00  1.0000E+00  0.0000E+00  1.1147E+00  0.0000E+00  0.0000E+00
  6.0000E+00  0.0000E+00  0.0000E+00  1.0000E+00  2.0000E+00  1.0000E+00  0.0000E+00  1.1147E+00  0.0000E+00  0.0000E+00
  6.0000E+00  0.0000E+00  0.0000E+00  1.0000E+00  3.0000E+00  1.0000E+00  0.0000E+00  1.1147E+00  0.0000E+00  0.0000E+00
  6.0000E+00  2.0000E+00  8.6144E-01  0.0000E+00  1.0000E+00  1.0000E+00  8.6144E-01  8.6780E-01 -6.3582E-03 -3.7787E-02
  6.0000E+00  2.0000E+00  1.2276E-01  0.0000E+00  2.0000E+00  1.0000E+00  1.2276E-01  4.0064E-02  8.2696E-02  4.9147E-01
  6.0000E+00  2.0000E+00  2.6256E-01  0.0000E+00  3.0000E+00  1.0000E+00  2.6256E-01  1.7245E-01  9.0103E-02  5.3549E-01
  6.0000E+00  5.0000E+00  7.6169E-01  0.0000E+00  1.0000E+00  1.0000E+00  7.6169E-01  5.9607E-01  1.6562E-01  9.8428E-01
  6.0000E+00  5.0000E+00  9.4595E-02  0.0000E+00  2.0000E+00  1.0000E+00  9.4595E-02  6.3557E-02  3.1039E-02  1.8447E-01
  6.0000E+00  5.0000E+00  2.8544E-01  0.0000E+00  3.0000E+00  1.0000E+00  2.8544E-01  2.8970E-01 -4.2645E-03 -2.5344E-02
  6.0000E+00  1.0000E+01  4.4780E-01  0.0000E+00  1.0000E+00  1.0000E+00  4.4780E-01  3.1873E-01  1.2907E-01  7.6707E-01
  6.0000E+00  1.0000E+01  8.2742E-02  0.0000E+00  2.0000E+00  1.0000E+00  8.2742E-02  5.9856E-02  2.2886E-02  1.3601E-01
  6.0000E+00  1.0000E+01  2.7371E-01  0.0000E+00  3.0000E+00  1.0000E+00  2.7371E-01  2.9879E-01 -2.5079E-02 -1.4905E-01
  6.0000E+00  1.5000E+01  2.0702E-01  0.0000E+00  1.0000E+00  1.0000E+00  2.0702E-01  1.7043E-01  3.6591E-02  2.1746E-01
  6.0000E+00  1.5000E+01  3.6878E-02  0.0000E+00  2.0000E+00  1.0000E+00  3.6878E-02  4.2537E-02 -5.6592E-03 -3.3633E-02
  6.0000E+00  1.5000E+01  1.6792E-01  0.0000E+00  3.0000E+00  1.0000E+00  1.6792E-01  2.3123E-01 -6.3307E-02 -3.7624E-01
  6.0000E+00  2.0000E+01  1.9260E-01  0.0000E+00  1.0000E+00  1.0000E+00  1.9260E-01  9.1132E-02  1.0146E-01  6.0301E-01
  6.0000E+00  2.0000E+01  3.6816E-02  0.0000E+00  2.0000E+00  1.0000E+00  3.6816E-02  2.7032E-02  9.7841E-03  5.8147E-02
  6.0000E+00  2.0000E+01  1.3813E-01  0.0000E+00  3.0000E+00  1.0000E+00  1.3813E-01  1.5913E-01 -2.1002E-02 -1.2482E-01
  6.0000E+00  3.0000E+01  9.9141E-02  0.0000E+00  1.0000E+00  1.0000E+00  9.9141E-02  2.6057E-02  7.3084E-02  4.3435E-01
  6.0000E+00  3.0000E+01  2.4646E-02  0.0000E+00  2.0000E+00  1.0000E+00  2.4646E-02  9.3724E-03  1.5273E-02  9.0771E-02
  6.0000E+00  3.0000E+01  1.0749E-01  0.0000E+00  3.0000E+00  1.0000E+00  1.0749E-01  6.3678E-02  4.3809E-02  2.6036E-01
  6.0000E+00  4.5000E+01  2.2549E-02  0.0000E+00  1.0000E+00  1.0000E+00  2.2549E-02  3.9838E-03  1.8565E-02  1.1033E-01
  6.0000E+00  4.5000E+01  1.0228E-02  0.0000E+00  2.0000E+00  1.0000E+00  1.0228E-02  1.6264E-03  8.6017E-03  5.1121E-02
  6.0000E+00  4.5000E+01  5.3779E-02  0.0000E+00  3.0000E+00  1.0000E+00  5.3779E-02  1.3206E-02  4.0573E-02  2.4113E-01
  6.0000E+00  6.0000E+01  0.0000E+00  1.0000E+00  1.0000E+00  1.0000E+00  0.0000E+00  6.0908E-04  0.0000E+00  0.0000E+00
  6.0000E+00  6.0000E+01  0.0000E+00  1.0000E+00  2.0000E+00  1.0000E+00  0.0000E+00  6.0908E-04  0.0000E+00  0.0000E+00
  6.0000E+00  6.0000E+01  0.0000E+00  1.0000E+00  3.0000E+00  1.0000E+00  0.0000E+00  6.0908E-04  0.0000E+00  0.0000E+00
  6.0000E+00  9.0000E+01  0.0000E+00  1.0000E+00  1.0000E+00  1.0000E+00  0.0000E+00  1.4237E-05  0.0000E+00  0.0000E+00
  6.0000E+00  9.0000E+01  0.0000E+00  1.0000E+00  2.0000E+00  1.0000E+00  0.0000E+00  1.4237E-05  0.0000E+00  0.0000E+00
  6.0000E+00  9.0000E+01  0.0000E+00  1.0000E+00  3.0000E+00  1.0000E+00  0.0000E+00  1.4237E-05  0.0000E+00  0.0000E+00
  6.0000E+00  1.2000E+02  0.0000E+00  1.0000E+00  1.0000E+00  1.0000E+00  0.0000E+00  3.3279E-07  0.0000E+00  0.0000E+00
  6.0000E+00  1.2000E+02  0.0000E+00  1.0000E+00  2.0000E+00  1.0000E+00  0.0000E+00  3.3279E-07  0.0000E+00  0.0000E+00
  6.0000E+00  1.2000E+02  0.0000E+00  1.0000E+00  3.0000E+00  1.0000E+00  0.0000E+00  3.3279E-07  0.0000E+00  0.0000E+00
  7.0000E+00  0.0000E+00  0.0000E+00  1.0000E+00  1.0000E+00  2.0000E+00  0.0000E+00  2.2296E+00  0.0000E+00  0.0000E+00
  7.0000E+00  0.0000E+00  0.0000E+00  1.0000E+00  2.0000E+00  2.0000E+00  0.0000E+00  2.2296E+00  0.0000E+00  0.0000E+00
  7.0000E+00  0.0000E+00  0.0000E+00  1.0000E+00  3.0000E+00  2.0000E+00  0.0000E+00  2.2296E+00  0.0000E+00  0.0000E+00
  7.0000E+00  2.0000E+00  1.6538E+00  0.0000E+00  1.0000E+00  2.0000E+00  1.6538E+00  1.7357E+00 -8.1898E-02 -4.8673E-01
  7.0000E+00  2.0000E+00  2.2056E-01  0.0000E+00  2.0000E+00  2.0000E+00  2.2056E-01  8.0135E-02  1.4042E-01  8.3453E-01
  7.0000E+00  2.0000E+00  5.0429E-01  0.0000E+00  3.0000E+00  2.0000E+00  5.0429E-01  3.4493E-01  1.5936E-01  9.4709E-01
  7.0000E+00  5.0000E+00  1.0393E+00  0.0000E+00  1.0000E+00  2.0000E+00  1.0393E+00  1.1922E+00 -1.5297E-01 -9.0909E-01
  7.0000E+00  5.0000E+00  1.4859E-01  0.0000E+00  2.0000E+00  2.0000E+00  1.4859E-01  1.2712E-01  2.1470E-02  1.2760E-01
  7.0000E+00  5.0000E+00  4.8939E-01  0.0000E+00  3.0000E+00  2.0000E+00  4.8939E-01  5.7944E-01 -9.0060E-02 -5.3523E-01
  7.0000E+00  1.0000E+01  5.4214E-01  0.0000E+00  1.0000E+00  2.0000E+00  5.4214E-01  6.3751E-01 -9.5372E-02 -5.6680E-01
  7.0000E+00  1.0000E+01  1.0594E-01  0.0000E+00  2.0000E+00  2.0000E+00  1.0594E-01  1.1972E-01 -1.3780E-02 -8.1897E-02
  7.0000E+00  1.0000E+01  4.2097E-01  0.0000E+00  3.0000E+00  2.0000E+00  4.2097E-01  5.9762E-01 -1.7665E-01 -1.0498E+00
  7.0000E+00  1.5000E+01  3.0834E-01  0.0000E+00  1.0000E+00  2.0000E+00  3.0834E-01  3.4089E-01 -3.2548E-02 -1.9343E-01
  7.0000E+00  1.5000E+01  6.1397E-02  0.0000E+00  2.0000E+00  2.0000E+00  6.1397E-02  8.5080E-02 -2.3684E-02 -1.4076E-01
  7.0000E+00  1.5000E+01  2.9162E-01  0.0000E+00  3.0000E+00  2.0000E+00  2.9162E-01  4.6249E-01 -1.7086E-01 -1.0155E+00
  7.0000E+00  2.0000E+01  2.5996E-01  0.0000E+00  1.0000E+00  2.0000E+00  2.5996E-01  1.8228E-01  7.7682E-02  4.6167E-01
  7.0000E+00  2.0000E+01  6.6734E-02  0.0000E+00  2.0000E+00  2.0000E+00  6.6734E-02  5.4068E-02  1.2666E-02  7.5275E-02
  7.0000E+00  2.0000E+01  2.9025E-01  0.0000E+00  3.0000E+00  2.0000E+00  2.9025E-01  3.1829E-01 -2.8035E-02 -1.6662E-01
  7.0000E+00  3.0000E+01  1.6512E-01  0.0000E+00  1.0000E+00  2.0000E+00  1.6512E-01  5.2118E-02  1.1300E-01  6.7157E-01
  7.0000E+00  3.0000E+01  4.0249E-02  0.0000E+00  2.0000E+00  2.0000E+00  4.0249E-02  1.8746E-02  2.1503E-02  1.2779E-01
  7.0000E+00  3.0000E+01  2.0065E-01  0.0000E+00  3.0000E+00  2.0000E+00  2.0065E-01  1.2737E-01  7.3280E-02  4.3551E-01
  7.0000E+00  4.5000E+01  6.3985E-02  0.0000E+00  1.0000E+00  2.0000E+00  6.3985E-02  7.9682E-03  5.6017E-02  3.3291E-01
  7.0000E+00  4.5000E+01  1.9749E-02  0.0000E+00  2.0000E+00  2.0000E+00  1.9749E-02  3.2531E-03  1.6495E-02  9.8033E-02
  7.0000E+00  4.5000E+01  1.0502E-01  0.0000E+00  3.0000E+00  2.0000E+00  1.0502E-01  2.6414E-02  7.8608E-02  4.6717E-01
  7.0000E+00  6.0000E+01  3.3635E-02  0.0000E+00  1.0000E+00  2.0000E+00  3.3635E-02  1.2182E-03  3.2417E-02  1.9266E-01
  7.0000E+00  6.0000E+01  1.2119E-02  0.0000E+00  2.0000E+00  2.0000E+00  1.2119E-02  5.2347E-04  1.1596E-02  6.8915E-02
  7.0000E+00  6.0000E+01  4.7485E-02  0.0000E+00  3.0000E+00  2.0000E+00  4.7485E-02  4.8886E-03  4.2597E-02  2.5316E-01
  7.0000E+00  9.0000E+01  8.0071E-03  0.0000E+00  1.0000E+00  2.0000E+00  8.0071E-03  2.8477E-05  7.9786E-03  4.7418E-02
  7.0000E+00  9.0000E+01  8.3804E-03  0.0000E+00  2.0000E+00  2.0000E+00  8.3804E-03  1.2624E-05  8.3678E-03  4.9730E-02
  7.0000E+00  9.0000E+01  1.6155E-02  0.0000E+00  3.0000E+00  2.0000E+00  1.6155E-02  1.4296E-04  1.6012E-02  9.5162E-02
  7.0000E+00  1.2000E+02  2.3918E-03  0.0000E+00  1.0000E+00  2.0000E+00  2.3918E-03  6.6564E-07  2.3912E-03  1.4211E-02
  7.0000E+00  1.2000E+02  4.2190E-03  0.0000E+00  2.0000E+00  2.0000E+00  4.2190E-03  2.9685E-07  4.2187E-03  2.5072E-02
  7.0000E+00  1.2000E+02  7.5381E-03  0.0000E+00  3.0000E+00  2.0000E+00  7.5381E-03  3.7722E-06  7.5344E-03  4.4777E-02
  8.0000E+00  0.0000E+00  0.0000E+00  1.0000E+00  1.0000E+00  2.0000E+00  0.0000E+00  2.2296E+00  0.0000E+00  0.0000E+00
  8.0000E+00  0.0000E+00  0.0000E+00  1.0000E+00  2.0000E+00  2.0000E+00  0.0000E+00  2.2296E+00  0.0000E+00  0.0000E+00
  8.0000E+00  0.0000E+00  0.0000E+00  1.0000E+00  3.0000E+00  2.0000E+00  0.0000E+00  2.2296E+00  0.0000E+00  0.0000E+00
  8.0000E+00  2.0000E+00  1.3987E+00  0.0000E+00  1.0000E+00  2.0000E+00  1.3987E+00  1.7357E+00 -3.3704E-01 -2.0031E+00
  8.0000E+00  2.0000E+00  1.7003E-01  0.0000E+00  2.0000E+00  2.0000E+00  1.7003E-01  8.0135E-02  8.9892E-02  5.3423E-01
  8.0000E+00  2.0000E+00  5.7573E-01  0.0000E+00  3.0000E+00  2.0000E+00  5.7573E-01  3.4493E-01  2.3079E-01  1.3716E+00
  8.0000E+00  5.0000E+00  1.1306E+00  0.0000E+00  1.0000E+00  2.0000E+00  1.1306E+00  1.1922E+00 -6.1616E-02 -3.6619E-01
  8.0000E+00  5.0000E+00  1.6524E-01  0.0000E+00  2.0000E+00  2.0000E+00  1.6524E-01  1.2712E-01  3.8119E-02  2.2655E-01
  8.0000E+00  5.0000E+00  6.3250E-01  0.0000E+00  3.0000E+00  2.0000E+00  6.3250E-01  5.7944E-01  5.3055E-02  3.1531E-01
  8.0000E+00  1.0000E+01  4.3431E-01  0.0000E+00  1.0000E+00  2.0000E+00  4.3431E-01  6.3751E-01 -2.0320E-01 -1.2076E+00
  8.0000E+00  1.0000E+01  1.4448E-01  0.0000E+00  2.0000E+00  2.0000E+00  1.4448E-01  1.1972E-01  2.4760E-02  1.4715E-01
  8.0000E+00  1.0000E+01  7.0745E-01  0.0000E+00  3.0000E+00  2.0000E+00  7.0745E-01  5.9762E-01  1.0983E-01  6.5273E-01
  8.0000E+00  1.5000E+01  3.7995E-01  0.0000E+00  1.0000E+00  2.0000E+00  3.7995E-01  3.4089E-01  3.9067E-02  2.3218E-01
  8.0000E+00  1.5000E+01  9.0680E-02  0.0000E+00  2.0000E+00  2.0000E+00  9.0680E-02  8.5080E-02  5.5994E-03  3.3277E-02
  8.0000E+00  1.5000E+01  3.9538E-01  0.0000E+00  3.0000E+00  2.0000E+00  3.9538E-01  4.6249E-01 -6.7111E-02 -3.9885E-01
  8.0000E+00  2.0000E+01  2.8875E-01  0.0000E+00  1.0000E+00  2.0000E+00  2.8875E-01  1.8228E-01  1.0647E-01  6.3276E-01
  8.0000E+00  2.0000E+01  9.2806E-02  0.0000E+00  2.0000E+00  2.0000E+00  9.2806E-02  5.4068E-02  3.8738E-02  2.3022E-01
  8.0000E+00  2.0000E+01  3.4735E-01  0.0000E+00  3.0000E+00  2.0000E+00  3.4735E-01  3.1829E-01  2.9068E-02  1.7275E-01
  8.0000E+00  3.0000E+01  1.2049E-01  0.0000E+00  1.0000E+00  2.0000E+00  1.2049E-01  5.2118E-02  6.8371E-02  4.0633E-01
  8.0000E+00  3.0000E+01  5.3929E-02  0.0000E+00  2.0000E+00  2.0000E+00  5.3929E-02  1.8746E-02  3.5183E-02  2.0910E-01
  8.0000E+00  3.0000E+01  2.3680E-01  0.0000E+00  3.0000E+00  2.0000E+00  2.3680E-01  1.2737E-01  1.0944E-01  6.5040E-01
  8.0000E+00  4.5000E+01  4.4634E-02  0.0000E+00  1.0000E+00  2.0000E+00  4.4634E-02  7.9682E-03  3.6666E-02  2.1791E-01
  8.0000E+00  4.5000E+01  2.6075E-02  0.0000E+00  2.0000E+00  2.0000E+00  2.6075E-02  3.2531E-03  2.2822E-02  1.3563E-01
  8.0000E+00  4.5000E+01  1.1091E-01  0.0000E+00  3.0000E+00  2.0000E+00  1.1091E-01  2.6414E-02  8.4500E-02  5.0219E-01
  8.0000E+00  6.0000E+01  2.5024E-02  0.0000E+00  1.0000E+00  2.0000E+00  2.5024E-02  1.2182E-03  2.3806E-02  1.4148E-01
  8.0000E+00  6.0000E+01  1.6076E-02  0.0000E+00  2.0000E+00  2.0000E+00  1.6076E-02  5.2347E-04  1.5552E-02  9.2430E-02
  8.0000E+00  6.0000E+01  6.3982E-02  0.0000E+00  3.0000E+00  2.0000E+00  6.3982E-02  4.8886E-03  5.9093E-02  3.5119E-01
  8.0000E+00  9.0000E+01  1.5093E-02  0.0000E+00  1.0000E+00  2.0000E+00  1.5093E-02  2.8477E-05  1.5064E-02  8.9529E-02
  8.0000E+00  9.0000E+01  9.5864E-03  0.0000E+00  2.0000E+00  2.0000E+00  9.5864E-03  1.2624E-05  9.5738E-03  5.6898E-02
  8.0000E+00  9.0000E+01  3.3657E-02  0.0000E+00  3.0000E+00  2.0000E+00  3.3657E-02  1.4296E-04  3.3514E-02  1.9918E-01
  8.0000E+00  1.2000E+02  4.3253E-03  0.0000E+00  1.0000E+00  2.0000E+00  4.3253E-03  6.6564E-07  4.3246E-03  2.5702E-02
  8.0000E+00  1.2000E+02  6.5767E-03  0.0000E+00  2.0000E+00  2.0000E+00  6.5767E-03  2.9685E-07  6.5764E-03  3.9084E-02
  8.0000E+00  1.2000E+02  9.3679E-03  0.0000E+00  3.0000E+00  2.0000E+00  9.3679E-03  3.7722E-06  9.3642E-03  5.5652E-02
  9.0000E+00  0.0000E+00  0.0000E+00  1.0000E+00  1.0000E+00  2.0000E+00  0.0000E+00  2.2296E+00  0.0000E+00  0.0000E+00
  9.0000E+00  0.0000E+00  0.0000E+00  1.0000E+00  2.0000E+00  2.0000E+00  0.0000E+00  2.2296E+00  0.0000E+00  0.0000E+00
  9.0000E+00  0.0000E+00  0.0000E+00  1.0000E+00  3.0000E+00  2.0000E+00  0.0000E+00  2.2296E+00  0.0000E+00  0.0000E+00
  9.0000E+00  2.0000E+00  1.9669E+00  0.0000E+00  1.0000E+00  2.0000E+00  1.9669E+00  1.7357E+00  2.3113E-01  1.3736E+00
  9.0000E+00  2.0000E+00  2.1916E-01  0.0000E+00  2.0000E+00  2.0000E+00  2.1916E-01  8.0135E-02  1.3903E-01  8.2626E-01
  9.0000E+00  2.0000E+00  6.3538E-01  0.0000E+00  3.0000E+00  2.0000E+00  6.3538E-01  3.4493E-01  2.9044E-01  1.7261E+00
  9.0000E+00  5.0000E+00  1.3074E+00  0.0000E+00  1.0000E+00  2.0000E+00  1.3074E+00  1.1922E+00  1.1516E-01  6.8441E-01
  9.0000E+00  5.0000E+00  1.6775E-01  0.0000E+00  2.0000E+00  2.0000E+00  1.6775E-01  1.2712E-01  4.0626E-02  2.4144E-01
  9.0000E+00  5.0000E+00  6.0942E-01  0.0000E+00  3.0000E+00  2.0000E+00  6.0942E-01  5.7944E-01  2.9974E-02  1.7814E-01
  9.0000E+00  1.0000E+01  4.6867E-01  0.0000E+00  1.0000E+00  2.0000E+00  4.6867E-01  6.3751E-01 -1.6884E-01 -1.0034E+00
  9.0000E+00  1.0000E+01  1.4338E-01  0.0000E+00  2.0000E+00  2.0000E+00  1.4338E-01  1.1972E-01  2.3661E-02  1.4062E-01
  9.0000E+00  1.0000E+01  6.4427E-01  0.0000E+00  3.0000E+00  2.0000E+00  6.4427E-01  5.9762E-01  4.6651E-02  2.7725E-01
  9.0000E+00  1.5000E+01  3.8684E-01  0.0000E+00  1.0000E+00  2.0000E+00  3.8684E-01  3.4089E-01  4.5951E-02  2.7309E-01
  9.0000E+00  1.5000E+01  9.4490E-02  0.0000E+00  2.0000E+00  2.0000E+00  9.4490E-02  8.5080E-02  9.4094E-03  5.5921E-02
  9.0000E+00  1.5000E+01  4.0760E-01  0.0000E+00  3.0000E+00  2.0000E+00  4.0760E-01  4.6249E-01 -5.4885E-02 -3.2619E-01
  9.0000E+00  2.0000E+01  2.5985E-01  0.0000E+00  1.0000E+00  2.0000E+00  2.5985E-01  1.8228E-01  7.7572E-02  4.6102E-01
  9.0000E+00  2.0000E+01  8.4327E-02  0.0000E+00  2.0000E+00  2.0000E+00  8.4327E-02  5.4068E-02  3.0259E-02  1.7983E-01
  9.0000E+00  2.0000E+01  3.7647E-01  0.0000E+00  3.0000E+00  2.0000E+00  3.7647E-01  3.1829E-01  5.8182E-02  3.4578E-01
  9.0000E+00  3.0000E+01  1.9929E-01  0.0000E+00  1.0000E+00  2.0000E+00  1.9929E-01  5.2118E-02  1.4718E-01  8.7468E-01
  9.0000E+00  3.0000E+01  5.0445E-02  0.0000E+00  2.0000E+00  2.0000E+00  5.0445E-02  1.8746E-02  3.1699E-02  1.8839E-01
  9.0000E+00  3.0000E+01  2.4043E-01  0.0000E+00  3.0000E+00  2.0000E+00  2.4043E-01  1.2737E-01  1.1306E-01  6.7193E-01
  9.0000E+00  4.5000E+01  0.0000E+00  1.0000E+00  1.0000E+00  2.0000E+00  0.0000E+00  7.9682E-03  0.0000E+00  0.0000E+00
  9.0000E+00  4.5000E+01  0.0000E+00  1.0000E+00  2.0000E+00  2.0000E+00  0.0000E+00  7.9682E-03  0.0000E+00  0.0000E+00
  9.0000E+00  4.5000E+01  0.0000E+00  1.0000E+00  3.0000E+00  2.0000E+00  0.0000E+00  7.9682E-03  0.0000E+00  0.0000E+00
  9.0000E+00  6.0000E+01  2.8335E-02  0.0000E+00  1.0000E+00  2.0000E+00  2.8335E-02  1.2182E-03  2.7117E-02  1.6116E-01
  9.0000E+00  6.0000E+01  1.5050E-02  0.0000E+00  2.0000E+00  2.0000E+00  1.5050E-02  5.2347E-04  1.4527E-02  8.6334E-02
  9.0000E+00  6.0000E+01  5.6215E-02  0.0000E+00  3.0000E+00  2.0000E+00  5.6215E-02  4.8886E-03  5.1327E-02  3.0504E-01
  9.0000E+00  9.0000E+01  0.0000E+00  1.0000E+00  1.0000E+00  2.0000E+00  0.0000E+00  2.8477E-05  0.0000E+00  0.0000E+00
  9.0000E+00  9.0000E+01  2.1180E-02  0.0000E+00  2.0000E+00  2.0000E+00  2.1180E-02  1.2624E-05  2.1168E-02  1.2580E-01
  9.0000E+00  9.0000E+01  2.8069E-02  0.0000E+00  3.0000E+00  2.0000E+00  2.8069E-02  1.4296E-04  2.7926E-02  1.6597E-01
  9.0000E+00  1.2000E+02  2.3972E-03  0.0000E+00  1.0000E+00  2.0000E+00  2.3972E-03  6.6564E-07  2.3965E-03  1.4243E-02
  9.0000E+00  1.2000E+02  1.4148E-02  0.0000E+00  2.0000E+00  2.0000E+00  1.4148E-02  2.9685E-07  1.4148E-02  8.4080E-02
  9.0000E+00  1.2000E+02  7.0109E-03  0.0000E+00  3.0000E+00  2.0000E+00  7.0109E-03  3.7722E-06  7.0071E-03  4.1644E-02
  1.0000E+01  0.0000E+00  0.0000E+00  1.0000E+00  1.0000E+00  2.0000E+00  0.0000E+00  2.2296E+00  0.0000E+00  0.0000E+00
  1.0000E+01  0.0000E+00  0.0000E+00  1.0000E+00  2.0000E+00  2.0000E+00  0.0000E+00  2.2296E+00  0.0000E+00  0.0000E+00
  1.0000E+01  0.0000E+00  0.0000E+00  1.0000E+00  3.0000E+00  2.0000E+00  0.0000E+00  2.2296E+00  0.0000E+00  0.0000E+00
  1.0000E+01  2.0000E+00  1.2249E+00  0.0000E+00  1.0000E+00  2.0000E+00  1.2249E+00  1.7357E+00 -5.1082E-01 -3.0358E+00
  1.0000E+01  2.0000E+00  2.1278E-01  0.0000E+00  2.0000E+00  2.0000E+00  2.1278E-01  8.0135E-02  1.3265E-01  7.8834E-01
  1.0000E+01  2.0000E+00  4.5952E-01  0.0000E+00  3.0000E+00  2.0000E+00  4.5952E-01  3.4493E-01  1.1459E-01  6.8102E-01
  1.0000E+01  5.0000E+00  1.0414E+00  0.0000E+00  1.0000E+00  2.0000E+00  1.0414E+00  1.1922E+00 -1.5082E-01 -8.9636E-01
  1.0000E+01  5.0000E+00  1.7740E-01  0.0000E+00  2.0000E+00  2.0000E+00  1.7740E-01  1.2712E-01  5.0278E-02  2.9880E-01
  1.0000E+01  5.0000E+00  5.6877E-01  0.0000E+00  3.0000E+00  2.0000E+00  5.6877E-01  5.7944E-01 -1.0679E-02 -6.3465E-02
  1.0000E+01  1.0000E+01  5.3290E-01  0.0000E+00  1.0000E+00  2.0000E+00  5.3290E-01  6.3751E-01 -1.0460E-01 -6.2166E-01
  1.0000E+01  1.0000E+01  1.3067E-01  0.0000E+00  2.0000E+00  2.0000E+00  1.3067E-01  1.1972E-01  1.0945E-02  6.5049E-02
  1.0000E+01  1.0000E+01  4.3700E-01  0.0000E+00  3.0000E+00  2.0000E+00  4.3700E-01  5.9762E-01 -1.6062E-01 -9.5458E-01
  1.0000E+01  1.5000E+01  3.5149E-01  0.0000E+00  1.0000E+00  2.0000E+00  3.5149E-01  3.4089E-01  1.0602E-02  6.3009E-02
  1.0000E+01  1.5000E+01  8.9212E-02  0.0000E+00  2.0000E+00  2.0000E+00  8.9212E-02  8.5080E-02  4.1318E-03  2.4556E-02
  1.0000E+01  1.5000E+01  3.3382E-01  0.0000E+00  3.0000E+00  2.0000E+00  3.3382E-01  4.6249E-01 -1.2867E-01 -7.6469E-01
  1.0000E+01  2.0000E+01  2.3222E-01  0.0000E+00  1.0000E+00  2.0000E+00  2.3222E-01  1.8228E-01  4.9942E-02  2.9681E-01
  1.0000E+01  2.0000E+01  8.7086E-02  0.0000E+00  2.0000E+00  2.0000E+00  8.7086E-02  5.4068E-02  3.3018E-02  1.9623E-01
  1.0000E+01  2.0000E+01  3.4320E-01  0.0000E+00  3.0000E+00  2.0000E+00  3.4320E-01  3.1829E-01  2.4910E-02  1.4804E-01
  1.0000E+01  3.0000E+01  1.2559E-01  0.0000E+00  1.0000E+00  2.0000E+00  1.2559E-01  5.2118E-02  7.3475E-02  4.3667E-01
  1.0000E+01  3.0000E+01  6.4835E-02  0.0000E+00  2.0000E+00  2.0000E+00  6.4835E-02  1.8746E-02  4.6089E-02  2.7391E-01
  1.0000E+01  3.0000E+01  2.4018E-01  0.0000E+00  3.0000E+00  2.0000E+00  2.4018E-01  1.2737E-01  1.1281E-01  6.7046E-01
  1.0000E+01  4.5000E+01  5.0930E-02  0.0000E+00  1.0000E+00  2.0000E+00  5.0930E-02  7.9682E-03  4.2962E-02  2.5533E-01
  1.0000E+01  4.5000E+01  2.2871E-02  0.0000E+00  2.0000E+00  2.0000E+00  2.2871E-02  3.2531E-03  1.9617E-02  1.1659E-01
  1.0000E+01  4.5000E+01  8.7548E-02  0.0000E+00  3.0000E+00  2.0000E+00  8.7548E-02  2.6414E-02  6.1134E-02  3.6333E-01
  1.0000E+01  6.0000E+01  2.4198E-02  0.0000E+00  1.0000E+00  2.0000E+00  2.4198E-02  1.2182E-03  2.2980E-02  1.3657E-01
  1.0000E+01  6.0000E+01  1.3338E-02  0.0000E+00  2.0000E+00  2.0000E+00  1.3338E-02  5.2347E-04  1.2814E-02  7.6155E-02
  1.0000E+01  6.0000E+01  5.4574E-02  0.0000E+00  3.0000E+00  2.0000E+00  5.4574E-02  4.8886E-03  4.9686E-02  2.9529E-01
  1.0000E+01  9.0000E+01  1.1054E-02  0.0000E+00  1.0000E+00  2.0000E+00  1.1054E-02  2.8477E-05  1.1026E-02  6.5527E-02
  1.0000E+01  9.0000E+01  6.4459E-03  0.0000E+00  2.0000E+00  2.0000E+00  6.4459E-03  1.2624E-05  6.4332E-03  3.8233E-02
  1.0000E+01  9.0000E+01  1.7090E-02  0.0000E+00  3.0000E+00  2.0000E+00  1.7090E-02  1.4296E-04  1.6947E-02  1.0072E-01
  1.0000E+01  1.2000E+02  0.0000E+00  1.0000E+00  1.0000E+00  2.0000E+00  0.0000E+00  6.6564E-07  0.0000E+00  0.0000E+00
  1.0000E+01  1.2000E+02  0.0000E+00  1.0000E+00  2.0000E+00  2.0000E+00  0.0000E+00  6.6564E-07  0.0000E+00  0.0000E+00
  1.0000E+01  1.2000E+02  0.0000E+00  1.0000E+00  3.0000E+00  2.0000E+00  0.0000E+00  6.6564E-07  0.0000E+00  0.0000E+00
  1.1000E+01  0.0000E+00  0.0000E+00  1.0000E+00  1.0000E+00  2.0000E+00  0.0000E+00  2.2296E+00  0.0000E+00  0.0000E+00
  1.1000E+01  0.0000E+00  0.0000E+00  1.0000E+00  2.0000E+00  2.0000E+00  0.0000E+00  2.2296E+00  0.0000E+00  0.0000E+00
  1.1000E+01  0.0000E+00  0.0000E+00  1.0000E+00  3.0000E+00  2.0000E+00  0.0000E+00  2.2296E+00  0.0000E+00  0.0000E+00
  1.1000E+01  2.0000E+00  1.0038E+00  0.0000E+00  1.0000E+00  2.0000E+00  1.0038E+00  1.7357E+00 -7.3191E-01 -4.3498E+00
  1.1000E+01  2.0000E+00  1.1878E-01  0.0000E+00  2.0000E+00  2.0000E+00  1.1878E-01  8.0135E-02  3.8646E-02  2.2968E-01
  1.1000E+01  2.0000E+00  5.1009E-01  0.0000E+00  3.0000E+00  2.0000E+00  5.1009E-01  3.4493E-01  1.6515E-01  9.8151E-01
  1.1000E+01  5.0000E+00  6.3303E-01  0.0000E+00  1.0000E+00  2.0000E+00  6.3303E-01  1.1922E+00 -5.5920E-01 -3.3234E+00
  1.1000E+01  5.0000E+00  8.8295E-02  0.0000E+00  2.0000E+00  2.0000E+00  8.8295E-02  1.2712E-01 -3.8828E-02 -2.3076E-01
  1.1000E+01  5.0000E+00  5.5544E-01  0.0000E+00  3.0000E+00  2.0000E+00  5.5544E-01  5.7944E-01 -2.4006E-02 -1.4267E-01
  1.1000E+01  1.0000E+01  5.0771E-01  0.0000E+00  1.0000E+00  2.0000E+00  5.0771E-01  6.3751E-01 -1.2980E-01 -7.7140E-01
  1.1000E+01  1.0000E+01  1.0341E-01  0.0000E+00  2.0000E+00  2.0000E+00  1.0341E-01  1.1972E-01 -1.6314E-02 -9.6954E-02
  1.1000E+01  1.0000E+01  4.8240E-01  0.0000E+00  3.0000E+00  2.0000E+00  4.8240E-01  5.9762E-01 -1.1522E-01 -6.8477E-01
  1.1000E+01  1.5000E+01  3.6357E-01  0.0000E+00  1.0000E+00  2.0000E+00  3.6357E-01  3.4089E-01  2.2682E-02  1.3480E-01
  1.1000E+01  1.5000E+01  5.8470E-02  0.0000E+00  2.0000E+00  2.0000E+00  5.8470E-02  8.5080E-02 -2.6610E-02 -1.5815E-01
  1.1000E+01  1.5000E+01  3.0140E-01  0.0000E+00  3.0000E+00  2.0000E+00  3.0140E-01  4.6249E-01 -1.6109E-01 -9.5736E-01
  1.1000E+01  2.0000E+01  2.3682E-01  0.0000E+00  1.0000E+00  2.0000E+00  2.3682E-01  1.8228E-01  5.4543E-02  3.2416E-01
  1.1000E+01  2.0000E+01  7.9173E-02  0.0000E+00  2.0000E+00  2.0000E+00  7.9173E-02  5.4068E-02  2.5105E-02  1.4920E-01
  1.1000E+01  2.0000E+01  3.7137E-01  0.0000E+00  3.0000E+00  2.0000E+00  3.7137E-01  3.1829E-01  5.3084E-02  3.1548E-01
  1.1000E+01  3.0000E+01  1.2882E-01  0.0000E+00  1.0000E+00  2.0000E+00  1.2882E-01  5.2118E-02  7.6704E-02  4.5586E-01
  1.1000E+01  3.0000E+01  3.6838E-02  0.0000E+00  2.0000E+00  2.0000E+00  3.6838E-02  1.8746E-02  1.8092E-02  1.0752E-01
  1.1000E+01  3.0000E+01  2.1311E-01  0.0000E+00  3.0000E+00  2.0000E+00  2.1311E-01  1.2737E-01  8.5746E-02  5.0959E-01
  1.1000E+01  4.5000E+01  4.7880E-02  0.0000E+00  1.0000E+00  2.0000E+00  4.7880E-02  7.9682E-03  3.9912E-02  2.3720E-01
  1.1000E+01  4.5000E+01  2.1183E-02  0.0000E+00  2.0000E+00  2.0000E+00  2.1183E-02  3.2531E-03  1.7929E-02  1.0656E-01
  1.1000E+01  4.5000E+01  1.1896E-01  0.0000E+00  3.0000E+00  2.0000E+00  1.1896E-01  2.6414E-02  9.2543E-02  5.4999E-01
  1.1000E+01  6.0000E+01  2.3554E-02  0.0000E+00  1.0000E+00  2.0000E+00  2.3554E-02  1.2182E-03  2.2336E-02  1.3274E-01
  1.1000E+01  6.0000E+01  1.1155E-02  0.0000E+00  2.0000E+00  2.0000E+00  1.1155E-02  5.2347E-04  1.0631E-02  6.3184E-02
  1.1000E+01  6.0000E+01  6.4706E-02  0.0000E+00  3.0000E+00  2.0000E+00  6.4706E-02  4.8886E-03  5.9817E-02  3.5550E-01
  1.1000E+01  9.0000E+01  1.2797E-02  0.0000E+00  1.0000E+00  2.0000E+00  1.2797E-02  2.8477E-05  1.2769E-02  7.5887E-02
  1.1000E+01  9.0000E+01  6.0114E-03  0.0000E+00  2.0000E+00  2.0000E+00  6.0114E-03  1.2624E-05  5.9988E-03  3.5651E-02
  1.1000E+01  9.0000E+01  2.2397E-02  0.0000E+00  3.0000E+00  2.0000E+00  2.2397E-02  1.4296E-04  2.2254E-02  1.3226E-01
  1.1000E+01  1.2000E+02  2.4053E-03  0.0000E+00  1.0000E+00  2.0000E+00  2.4053E-03  6.6564E-07  2.4047E-03  1.4291E-02
  1.1000E+01  1.2000E+02  2.8506E-03  0.0000E+00  2.0000E+00  2.0000E+00  2.8506E-03  2.9685E-07  2.8503E-03  1.6940E-02
  1.1000E+01  1.2000E+02  8.1591E-03  0.0000E+00  3.0000E+00  2.0000E+00  8.1591E-03  3.7722E-06  8.1553E-03  4.8468E-02
  1.2000E+01  0.0000E+00  0.0000E+00  1.0000E+00  1.0000E+00  2.0000E+00  0.0000E+00  2.2296E+00  0.0000E+00  0.0000E+00
  1.2000E+01  0.0000E+00  0.0000E+00  1.0000E+00  2.0000E+00  2.0000E+00  0.0000E+00  2.2296E+00  0.0000E+00  0.0000E+00
  1.2000E+01  0.0000E+00  0.0000E+00  1.0000E+00  3.0000E+00  2.0000E+00  0.0000E+00  2.2296E+00  0.0000E+00  0.0000E+00
  1.2000E+01  2.0000E+00  1.4707E+00  0.0000E+00  1.0000E+00  2.0000E+00  1.4707E+00  1.7357E+00 -2.6502E-01 -1.5750E+00
  1.2000E+01  2.0000E+00  1.3525E-01  0.0000E+00  2.0000E+00  2.0000E+00  1.3525E-01  8.0135E-02  5.5115E-02  3.2755E-01
  1.2000E+01  2.0000E+00  2.5100E-01  0.0000E+00  3.0000E+00  2.0000E+00  2.5100E-01  3.4493E-01 -9.3930E-02 -5.5823E-01
  1.2000E+01  5.0000E+00  9.7574E-01  0.0000E+00  1.0000E+00  2.0000E+00  9.7574E-01  1.1922E+00 -2.1649E-01 -1.2866E+00
  1.2000E+01  5.0000E+00  1.1392E-01  0.0000E+00  2.0000E+00  2.0000E+00  1.1392E-01  1.2712E-01 -1.3201E-02 -7.8456E-02
  1.2000E+01  5.0000E+00  3.9557E-01  0.0000E+00  3.0000E+00  2.0000E+00  3.9557E-01  5.7944E-01 -1.8388E-01 -1.0928E+00
  1.2000E+01  1.0000E+01  5.4332E-01  0.0000E+00  1.0000E+00  2.0000E+00  5.4332E-01  6.3751E-01 -9.4183E-02 -5.5974E-01
  1.2000E+01  1.0000E+01  8.9643E-02  0.0000E+00  2.0000E+00  2.0000E+00  8.9643E-02  1.1972E-01 -3.0078E-02 -1.7876E-01
  1.2000E+01  1.0000E+01  3.3073E-01  0.0000E+00  3.0000E+00  2.0000E+00  3.3073E-01  5.9762E-01 -2.6689E-01 -1.5861E+00
  1.2000E+01  1.5000E+01  3.3943E-01  0.0000E+00  1.0000E+00  2.0000E+00  3.3943E-01  3.4089E-01 -1.4588E-03 -8.6696E-03
  1.2000E+01  1.5000E+01  5.6449E-02  0.0000E+00  2.0000E+00  2.0000E+00  5.6449E-02  8.5080E-02 -2.8631E-02 -1.7016E-01
  1.2000E+01  1.5000E+01  2.5135E-01  0.0000E+00  3.0000E+00  2.0000E+00  2.5135E-01  4.6249E-01 -2.1114E-01 -1.2548E+00
  1.2000E+01  2.0000E+01  1.7378E-01  0.0000E+00  1.0000E+00  2.0000E+00  1.7378E-01  1.8228E-01 -8.5016E-03 -5.0525E-02
  1.2000E+01  2.0000E+01  5.2962E-02  0.0000E+00  2.0000E+00  2.0000E+00  5.2962E-02  5.4068E-02 -1.1064E-03 -6.5756E-03
  1.2000E+01  2.0000E+01  2.1948E-01  0.0000E+00  3.0000E+00  2.0000E+00  2.1948E-01  3.1829E-01 -9.8801E-02 -5.8718E-01
  1.2000E+01  3.0000E+01  9.4495E-02  0.0000E+00  1.0000E+00  2.0000E+00  9.4495E-02  5.2118E-02  4.2377E-02  2.5185E-01
  1.2000E+01  3.0000E+01  3.2102E-02  0.0000E+00  2.0000E+00  2.0000E+00  3.2102E-02  1.8746E-02  1.3356E-02  7.9374E-02
  1.2000E+01  3.0000E+01  1.7671E-01  0.0000E+00  3.0000E+00  2.0000E+00  1.7671E-01  1.2737E-01  4.9343E-02  2.9325E-01
  1.2000E+01  4.5000E+01  6.5613E-02  0.0000E+00  1.0000E+00  2.0000E+00  6.5613E-02  7.9682E-03  5.7645E-02  3.4259E-01
  1.2000E+01  4.5000E+01  1.8465E-02  0.0000E+00  2.0000E+00  2.0000E+00  1.8465E-02  3.2531E-03  1.5212E-02  9.0406E-02
  1.2000E+01  4.5000E+01  8.3030E-02  0.0000E+00  3.0000E+00  2.0000E+00  8.3030E-02  2.6414E-02  5.6617E-02  3.3648E-01
  1.2000E+01  6.0000E+01  2.5578E-02  0.0000E+00  1.0000E+00  2.0000E+00  2.5578E-02  1.2182E-03  2.4359E-02  1.4477E-01
  1.2000E+01  6.0000E+01  1.0684E-02  0.0000E+00  2.0000E+00  2.0000E+00  1.0684E-02  5.2347E-04  1.0160E-02  6.0382E-02
  1.2000E+01  6.0000E+01  4.7306E-02  0.0000E+00  3.0000E+00  2.0000E+00  4.7306E-02  4.8886E-03  4.2417E-02  2.5209E-01
  1.2000E+01  9.0000E+01  1.0529E-02  0.0000E+00  1.0000E+00  2.0000E+00  1.0529E-02  2.8477E-05  1.0500E-02  6.2404E-02
  1.2000E+01  9.0000E+01  8.8462E-03  0.0000E+00  2.0000E+00  2.0000E+00  8.8462E-03  1.2624E-05  8.8336E-03  5.2499E-02
  1.2000E+01  9.0000E+01  1.9697E-02  0.0000E+00  3.0000E+00  2.0000E+00  1.9697E-02  1.4296E-04  1.9554E-02  1.1621E-01
  1.2000E+01  1.2000E+02  4.7941E-03  0.0000E+00  1.0000E+00  2.0000E+00  4.7941E-03  6.6564E-07  4.7934E-03  2.8488E-02
  1.2000E+01  1.2000E+02  4.4284E-03  0.0000E+00  2.0000E+00  2.0000E+00  4.4284E-03  2.9685E-07  4.4281E-03  2.6316E-02
  1.2000E+01  1.2000E+02  8.2189E-03  0.0000E+00  3.0000E+00  2.0000E+00  8.2189E-03  3.7722E-06  8.2151E-03  4.8823E-02
  1.3000E+01  0.0000E+00  0.0000E+00  1.0000E+00  1.0000E+00  3.0000E+00  0.0000E+00  5.5737E+00  0.0000E+00  0.0000E+00
  1.3000E+01  0.0000E+00  0.0000E+00  1.0000E+00  2.0000E+00  3.0000E+00  0.0000E+00  5.5737E+00  0.0000E+00  0.0000E+00
  1.3000E+01  0.0000E+00  0.0000E+00  1.0000E+00  3.0000E+00  3.0000E+00  0.0000E+00  5.5737E+00  0.0000E+00  0.0000E+00
  1.3000E+01  2.0000E+00  5.2896E+00  0.0000E+00  1.0000E+00  3.0000E+00  5.2896E+00  4.3390E+00  9.5064E-01  5.6497E+00
  1.3000E+01  2.0000E+00  4.0814E-01  0.0000E+00  2.0000E+00  3.0000E+00  4.0814E-01  2.0032E-01  2.0782E-01  1.2351E+00
  1.3000E+01  2.0000E+00  1.4602E+00  0.0000E+00  3.0000E+00  3.0000E+00  1.4602E+00  8.6227E-01  5.9796E-01  3.5537E+00
  1.3000E+01  5.0000E+00  2.1868E+00  0.0000E+00  1.0000E+00  3.0000E+00  2.1868E+00  2.9803E+00 -7.9356E-01 -4.7162E+00
  1.3000E+01  5.0000E+00  1.8985E-01  0.0000E+00  2.0000E+00  3.0000E+00  1.8985E-01  3.1778E-01 -1.2793E-01 -7.6031E-01
  1.3000E+01  5.0000E+00  1.3733E+00  0.0000E+00  3.0000E+00  3.0000E+00  1.3733E+00  1.4485E+00 -7.5248E-02 -4.4720E-01
  1.3000E+01  1.0000E+01  1.6590E+00  0.0000E+00  1.0000E+00  3.0000E+00  1.6590E+00  1.5936E+00  6.5344E-02  3.8834E-01
  1.3000E+01  1.0000E+01  2.3707E-01  0.0000E+00  2.0000E+00  3.0000E+00  2.3707E-01  2.9928E-01 -6.2206E-02 -3.6970E-01
  1.3000E+01  1.0000E+01  1.3221E+00  0.0000E+00  3.0000E+00  3.0000E+00  1.3221E+00  1.4939E+00 -1.7184E-01 -1.0212E+00
  1.3000E+01  1.5000E+01  1.0399E+00  0.0000E+00  1.0000E+00  3.0000E+00  1.0399E+00  8.5215E-01  1.8775E-01  1.1158E+00
  1.3000E+01  1.5000E+01  1.8484E-01  0.0000E+00  2.0000E+00  3.0000E+00  1.8484E-01  2.1268E-01 -2.7841E-02 -1.6546E-01
  1.3000E+01  1.5000E+01  1.0739E+00  0.0000E+00  3.0000E+00  3.0000E+00  1.0739E+00  1.1561E+00 -8.2262E-02 -4.8889E-01
  1.3000E+01  2.0000E+01  0.0000E+00  1.0000E+00  1.0000E+00  3.0000E+00  0.0000E+00  4.5566E-01  0.0000E+00  0.0000E+00
  1.3000E+01  2.0000E+01  0.0000E+00  1.0000E+00  2.0000E+00  3.0000E+00  0.0000E+00  4.5566E-01  0.0000E+00  0.0000E+00
  1.3000E+01  2.0000E+01  0.0000E+00  1.0000E+00  3.0000E+00  3.0000E+00  0.0000E+00  4.5566E-01  0.0000E+00  0.0000E+00
  1.3000E+01  3.0000E+01  3.0822E-01  0.0000E+00  1.0000E+00  3.0000E+00  3.0822E-01  1.3028E-01  1.7793E-01  1.0575E+00
  1.3000E+01  3.0000E+01  1.2398E-01  0.0000E+00  2.0000E+00  3.0000E+00  1.2398E-01  4.6862E-02  7.7116E-02  4.5831E-01
  1.3000E+01  3.0000E+01  7.9276E-01  0.0000E+00  3.0000E+00  3.0000E+00  7.9276E-01  3.1839E-01  4.7437E-01  2.8192E+00
  1.3000E+01  4.5000E+01  1.5984E-01  0.0000E+00  1.0000E+00  3.0000E+00  1.5984E-01  1.9919E-02  1.3992E-01  8.3156E-01
  1.3000E+01  4.5000E+01  6.1330E-02  0.0000E+00  2.0000E+00  3.0000E+00  6.1330E-02  8.1321E-03  5.3198E-02  3.1616E-01
  1.3000E+01  4.5000E+01  3.7010E-01  0.0000E+00  3.0000E+00  3.0000E+00  3.7010E-01  6.6029E-02  3.0407E-01  1.8071E+00
  1.3000E+01  6.0000E+01  7.8313E-02  0.0000E+00  1.0000E+00  3.0000E+00  7.8313E-02  3.0454E-03  7.5267E-02  4.4732E-01
  1.3000E+01  6.0000E+01  2.8914E-02  0.0000E+00  2.0000E+00  3.0000E+00  2.8914E-02  1.3086E-03  2.7606E-02  1.6406E-01
  1.3000E+01  6.0000E+01  1.6137E-01  0.0000E+00  3.0000E+00  3.0000E+00  1.6137E-01  1.2221E-02  1.4914E-01  8.8638E-01
  1.3000E+01  9.0000E+01  2.0922E-02  0.0000E+00  1.0000E+00  3.0000E+00  2.0922E-02  7.1186E-05  2.0851E-02  1.2392E-01
  1.3000E+01  9.0000E+01  8.3310E-03  0.0000E+00  2.0000E+00  3.0000E+00  8.3310E-03  3.1557E-05  8.2995E-03  4.9324E-02
  1.3000E+01  9.0000E+01  6.0035E-02  0.0000E+00  3.0000E+00  3.0000E+00  6.0035E-02  3.5737E-04  5.9678E-02  3.5467E-01
  1.3000E+01  1.2000E+02  1.1471E-02  0.0000E+00  1.0000E+00  3.0000E+00  1.1471E-02  1.6640E-06  1.1470E-02  6.8165E-02
  1.3000E+01  1.2000E+02  7.1323E-03  0.0000E+00  2.0000E+00  3.0000E+00  7.1323E-03  7.4206E-07  7.1316E-03  4.2383E-02
  1.3000E+01  1.2000E+02  2.7680E-02  0.0000E+00  3.0000E+00  3.0000E+00  2.7680E-02  9.4297E-06  2.7670E-02  1.6445E-01
  1.4000E+01  0.0000E+00  0.0000E+00  1.0000E+00  1.0000E+00  3.0000E+00  0.0000E+00  5.5737E+00  0.0000E+00  0.0000E+00
  1.4000E+01  0.0000E+00  0.0000E+00  1.0000E+00  2.0000E+00  3.0000E+00  0.0000E+00  5.5737E+00  0.0000E+00  0.0000E+00
  1.4000E+01  0.0000E+00  0.0000E+00  1.0000E+00  3.0000E+00  3.0000E+00  0.0000E+00  5.5737E+00  0.0000E+00  0.0000E+00
  1.4000E+01  2.0000E+00  4.1737E+00  0.0000E+00  1.0000E+00  3.0000E+00  4.1737E+00  4.3390E+00 -1.6531E-01 -9.8248E-01
  1.4000E+01  2.0000E+00  5.1596E-01  0.0000E+00  2.0000E+00  3.0000E+00  5.1596E-01  2.0032E-01  3.1564E-01  1.8758E+00
  1.4000E+01  2.0000E+00  1.3113E+00  0.0000E+00  3.0000E+00  3.0000E+00  1.3113E+00  8.6227E-01  4.4903E-01  2.6686E+00
  1.4000E+01  5.0000E+00  2.4322E+00  0.0000E+00  1.0000E+00  3.0000E+00  2.4322E+00  2.9803E+00 -5.4811E-01 -3.2574E+00
  1.4000E+01  5.0000E+00  3.1416E-01  0.0000E+00  2.0000E+00  3.0000E+00  3.1416E-01  3.1778E-01 -3.6192E-03 -2.1509E-02
  1.4000E+01  5.0000E+00  1.6117E+00  0.0000E+00  3.0000E+00  3.0000E+00  1.6117E+00  1.4485E+00  1.6315E-01  9.6964E-01
  1.4000E+01  1.0000E+01  1.2701E+00  0.0000E+00  1.0000E+00  3.0000E+00  1.2701E+00  1.5936E+00 -3.2359E-01 -1.9231E+00
  1.4000E+01  1.0000E+01  2.7419E-01  0.0000E+00  2.0000E+00  3.0000E+00  2.7419E-01  2.9928E-01 -2.5091E-02 -1.4912E-01
  1.4000E+01  1.0000E+01  1.3613E+00  0.0000E+00  3.0000E+00  3.0000E+00  1.3613E+00  1.4939E+00 -1.3263E-01 -7.8821E-01
  1.4000E+01  1.5000E+01  7.7652E-01  0.0000E+00  1.0000E+00  3.0000E+00  7.7652E-01  8.5215E-01 -7.5629E-02 -4.4947E-01
  1.4000E+01  1.5000E+01  2.0205E-01  0.0000E+00  2.0000E+00  3.0000E+00  2.0205E-01  2.1268E-01 -1.0635E-02 -6.3204E-02
  1.4000E+01  1.5000E+01  1.0192E+00  0.0000E+00  3.0000E+00  3.0000E+00  1.0192E+00  1.1561E+00 -1.3691E-01 -8.1364E-01
  1.4000E+01  2.0000E+01  4.1187E-01  0.0000E+00  1.0000E+00  3.0000E+00  4.1187E-01  4.5566E-01 -4.3789E-02 -2.6024E-01
  1.4000E+01  2.0000E+01  1.3340E-01  0.0000E+00  2.0000E+00  3.0000E+00  1.3340E-01  1.3516E-01 -1.7595E-03 -1.0457E-02
  1.4000E+01  2.0000E+01  9.3646E-01  0.0000E+00  3.0000E+00  3.0000E+00  9.3646E-01  7.9565E-01  1.4081E-01  8.3682E-01
  1.4000E+01  3.0000E+01  1.7584E-01  0.0000E+00  1.0000E+00  3.0000E+00  1.7584E-01  1.3028E-01  4.5556E-02  2.7074E-01
  1.4000E+01  3.0000E+01  4.3767E-02  0.0000E+00  2.0000E+00  3.0000E+00  4.3767E-02  4.6862E-02 -3.0947E-03 -1.8392E-02
  1.4000E+01  3.0000E+01  4.8285E-01  0.0000E+00  3.0000E+00  3.0000E+00  4.8285E-01  3.1839E-01  1.6446E-01  9.7739E-01
  1.4000E+01  4.5000E+01  5.1087E-02  0.0000E+00  1.0000E+00  3.0000E+00  5.1087E-02  1.9919E-02  3.1168E-02  1.8523E-01
  1.4000E+01  4.5000E+01  2.6637E-02  0.0000E+00  2.0000E+00  3.0000E+00  2.6637E-02  8.1321E-03  1.8505E-02  1.0998E-01
  1.4000E+01  4.5000E+01  2.1067E-01  0.0000E+00  3.0000E+00  3.0000E+00  2.1067E-01  6.6029E-02  1.4465E-01  8.5964E-01
  1.4000E+01  6.0000E+01  2.7608E-02  0.0000E+00  1.0000E+00  3.0000E+00  2.7608E-02  3.0454E-03  2.4563E-02  1.4598E-01
  1.4000E+01  6.0000E+01  1.9696E-02  0.0000E+00  2.0000E+00  3.0000E+00  1.9696E-02  1.3086E-03  1.8388E-02  1.0928E-01
  1.4000E+01  6.0000E+01  1.1680E-01  0.0000E+00  3.0000E+00  3.0000E+00  1.1680E-01  1.2221E-02  1.0458E-01  6.2152E-01
  1.4000E+01  9.0000E+01  1.1469E-02  0.0000E+00  1.0000E+00  3.0000E+00  1.1469E-02  7.1186E-05  1.1398E-02  6.7737E-02
  1.4000E+01  9.0000E+01  2.4616E-02  0.0000E+00  2.0000E+00  3.0000E+00  2.4616E-02  3.1557E-05  2.4585E-02  1.4611E-01
  1.4000E+01  9.0000E+01  5.1504E-02  0.0000E+00  3.0000E+00  3.0000E+00  5.1504E-02  3.5737E-04  5.1146E-02  3.0397E-01
  1.4000E+01  1.2000E+02  5.0138E-03  0.0000E+00  1.0000E+00  3.0000E+00  5.0138E-03  1.6640E-06  5.0121E-03  2.9787E-02
  1.4000E+01  1.2000E+02  1.0696E-02  0.0000E+00  2.0000E+00  3.0000E+00  1.0696E-02  7.4206E-07  1.0695E-02  6.3560E-02
  1.4000E+01  1.2000E+02  1.8290E-02  0.0000E+00  3.0000E+00  3.0000E+00  1.8290E-02  9.4297E-06  1.8281E-02  1.0864E-01
  1.5000E+01  0.0000E+00  0.0000E+00  1.0000E+00  1.0000E+00  3.0000E+00  0.0000E+00  5.5737E+00  0.0000E+00  0.0000E+00
  1.5000E+01  0.0000E+00  0.0000E+00  1.0000E+00  2.0000E+00  3.0000E+00  0.0000E+00  5.5737E+00  0.0000E+00  0.0000E+00
  1.5000E+01  0.0000E+00  0.0000E+00  1.0000E+00  3.0000E+00  3.0000E+00  0.0000E+00  5.5737E+00  0.0000E+00  0.0000E+00
  1.5000E+01  2.0000E+00  5.4638E+00  0.0000E+00  1.0000E+00  3.0000E+00  5.4638E+00  4.3390E+00  1.1248E+00  6.6847E+00
  1.5000E+01  2.0000E+00  2.6161E-01  0.0000E+00  2.0000E+00  3.0000E+00  2.6161E-01  2.0032E-01  6.1294E-02  3.6427E-01
  1.5000E+01  2.0000E+00  1.4760E+00  0.0000E+00  3.0000E+00  3.0000E+00  1.4760E+00  8.6227E-01  6.1378E-01  3.6477E+00
  1.5000E+01  5.0000E+00  3.9053E+00  0.0000E+00  1.0000E+00  3.0000E+00  3.9053E+00  2.9803E+00  9.2497E-01  5.4971E+00
  1.5000E+01  5.0000E+00  2.3471E-01  0.0000E+00  2.0000E+00  3.0000E+00  2.3471E-01  3.1778E-01 -8.3077E-02 -4.9373E-01
  1.5000E+01  5.0000E+00  2.0920E+00  0.0000E+00  3.0000E+00  3.0000E+00  2.0920E+00  1.4485E+00  6.4352E-01  3.8245E+00
  1.5000E+01  1.0000E+01  1.5150E+00  0.0000E+00  1.0000E+00  3.0000E+00  1.5150E+00  1.5936E+00 -7.8606E-02 -4.6716E-01
  1.5000E+01  1.0000E+01  1.8628E-01  0.0000E+00  2.0000E+00  3.0000E+00  1.8628E-01  2.9928E-01 -1.1300E-01 -6.7158E-01
  1.5000E+01  1.0000E+01  1.5880E+00  0.0000E+00  3.0000E+00  3.0000E+00  1.5880E+00  1.4939E+00  9.4107E-02  5.5928E-01
  1.5000E+01  1.5000E+01  1.3804E+00  0.0000E+00  1.0000E+00  3.0000E+00  1.3804E+00  8.5215E-01  5.2828E-01  3.1396E+00
  1.5000E+01  1.5000E+01  2.6872E-01  0.0000E+00  2.0000E+00  3.0000E+00  2.6872E-01  2.1268E-01  5.6039E-02  3.3305E-01
  1.5000E+01  1.5000E+01  1.4340E+00  0.0000E+00  3.0000E+00  3.0000E+00  1.4340E+00  1.1561E+00  2.7784E-01  1.6513E+00
  1.5000E+01  2.0000E+01  7.0131E-01  0.0000E+00  1.0000E+00  3.0000E+00  7.0131E-01  4.5566E-01  2.4565E-01  1.4599E+00
  1.5000E+01  2.0000E+01  1.9216E-01  0.0000E+00  2.0000E+00  3.0000E+00  1.9216E-01  1.3516E-01  5.7000E-02  3.3875E-01
  1.5000E+01  2.0000E+01  1.0378E+00  0.0000E+00  3.0000E+00  3.0000E+00  1.0378E+00  7.9565E-01  2.4215E-01  1.4391E+00
  1.5000E+01  3.0000E+01  3.5248E-01  0.0000E+00  1.0000E+00  3.0000E+00  3.5248E-01  1.3028E-01  2.2219E-01  1.3205E+00
  1.5000E+01  3.0000E+01  1.0877E-01  0.0000E+00  2.0000E+00  3.0000E+00  1.0877E-01  4.6862E-02  6.1912E-02  3.6795E-01
  1.5000E+01  3.0000E+01  6.0981E-01  0.0000E+00  3.0000E+00  3.0000E+00  6.0981E-01  3.1839E-01  2.9142E-01  1.7319E+00
  1.5000E+01  4.5000E+01  9.9744E-02  0.0000E+00  1.0000E+00  3.0000E+00  9.9744E-02  1.9919E-02  7.9825E-02  4.7441E-01
  1.5000E+01  4.5000E+01  3.8899E-02  0.0000E+00  2.0000E+00  3.0000E+00  3.8899E-02  8.1321E-03  3.0767E-02  1.8285E-01
  1.5000E+01  4.5000E+01  2.5551E-01  0.0000E+00  3.0000E+00  3.0000E+00  2.5551E-01  6.6029E-02  1.8948E-01  1.1261E+00
  1.5000E+01  6.0000E+01  5.5427E-02  0.0000E+00  1.0000E+00  3.0000E+00  5.5427E-02  3.0454E-03  5.2382E-02  3.1131E-01
  1.5000E+01  6.0000E+01  2.0008E-02  0.0000E+00  2.0000E+00  3.0000E+00  2.0008E-02  1.3086E-03  1.8700E-02  1.1113E-01
  1.5000E+01  6.0000E+01  1.2271E-01  0.0000E+00  3.0000E+00  3.0000E+00  1.2271E-01  1.2221E-02  1.1049E-01  6.5665E-01
  1.5000E+01  9.0000E+01  2.3983E-02  0.0000E+00  1.0000E+00  3.0000E+00  2.3983E-02  7.1186E-05  2.3911E-02  1.4211E-01
  1.5000E+01  9.0000E+01  1.5077E-02  0.0000E+00  2.0000E+00  3.0000E+00  1.5077E-02  3.1557E-05  1.5045E-02  8.9415E-02
  1.5000E+01  9.0000E+01  5.1725E-02  0.0000E+00  3.0000E+00  3.0000E+00  5.1725E-02  3.5737E-04  5.1368E-02  3.0528E-01
  1.5000E+01  1.2000E+02  8.2896E-03  0.0000E+00  1.0000E+00  3.0000E+00  8.2896E-03  1.6640E-06  8.2879E-03  4.9256E-02
  1.5000E+01  1.2000E+02  1.2758E-02  0.0000E+00  2.0000E+00  3.0000E+00  1.2758E-02  7.4206E-07  1.2757E-02  7.5816E-02
  1.5000E+01  1.2000E+02  2.8453E-02  0.0000E+00  3.0000E+00  3.0000E+00  2.8453E-02  9.4297E-06  2.8444E-02  1.6904E-01
  1.6000E+01  0.0000E+00  0.0000E+00  1.0000E+00  1.0000E+00  3.0000E+00  0.0000E+00  5.5737E+00  0.0000E+00  0.0000E+00
  1.6000E+01  0.0000E+00  0.0000E+00  1.0000E+00  2.0000E+00  3.0000E+00  0.0000E+00  5.5737E+00  0.0000E+00  0.0000E+00
  1.6000E+01  0.0000E+00  0.0000E+00  1.0000E+00  3.0000E+00  3.0000E+00  0.0000E+00  5.5737E+00  0.0000E+00  0.0000E+00
  1.6000E+01  2.0000E+00  4.2058E+00  0.0000E+00  1.0000E+00  3.0000E+00  4.2058E+00  4.3390E+00 -1.3321E-01 -7.9167E-01
  1.6000E+01  2.0000E+00  2.8943E-01  0.0000E+00  2.0000E+00  3.0000E+00  2.8943E-01  2.0032E-01  8.9111E-02  5.2959E-01
  1.6000E+01  2.0000E+00  8.3811E-01  0.0000E+00  3.0000E+00  3.0000E+00  8.3811E-01  8.6227E-01 -2.4153E-02 -1.4354E-01
  1.6000E+01  5.0000E+00  2.9212E+00  0.0000E+00  1.0000E+00  3.0000E+00  2.9212E+00  2.9803E+00 -5.9145E-02 -3.5150E-01
  1.6000E+01  5.0000E+00  2.4877E-01  0.0000E+00  2.0000E+00  3.0000E+00  2.4877E-01  3.1778E-01 -6.9011E-02 -4.1014E-01
  1.6000E+01  5.0000E+00  1.1572E+00  0.0000E+00  3.0000E+00  3.0000E+00  1.1572E+00  1.4485E+00 -2.9133E-01 -1.7314E+00
  1.6000E+01  1.0000E+01  1.6163E+00  0.0000E+00  1.0000E+00  3.0000E+00  1.6163E+00  1.5936E+00  2.2669E-02  1.3472E-01
  1.6000E+01  1.0000E+01  2.2331E-01  0.0000E+00  2.0000E+00  3.0000E+00  2.2331E-01  2.9928E-01 -7.5971E-02 -4.5150E-01
  1.6000E+01  1.0000E+01  1.1057E+00  0.0000E+00  3.0000E+00  3.0000E+00  1.1057E+00  1.4939E+00 -3.8820E-01 -2.3071E+00
  1.6000E+01  1.5000E+01  9.3682E-01  0.0000E+00  1.0000E+00  3.0000E+00  9.3682E-01  8.5215E-01  8.4670E-02  5.0320E-01
  1.6000E+01  1.5000E+01  1.5498E-01  0.0000E+00  2.0000E+00  3.0000E+00  1.5498E-01  2.1268E-01 -5.7707E-02 -3.4296E-01
  1.6000E+01  1.5000E+01  7.7916E-01  0.0000E+00  3.0000E+00  3.0000E+00  7.7916E-01  1.1561E+00 -3.7696E-01 -2.2403E+00
  1.6000E+01  2.0000E+01  5.7028E-01  0.0000E+00  1.0000E+00  3.0000E+00  5.7028E-01  4.5566E-01  1.1462E-01  6.8120E-01
  1.6000E+01  2.0000E+01  1.5388E-01  0.0000E+00  2.0000E+00  3.0000E+00  1.5388E-01  1.3516E-01  1.8724E-02  1.1128E-01
  1.6000E+01  2.0000E+01  7.7562E-01  0.0000E+00  3.0000E+00  3.0000E+00  7.7562E-01  7.9565E-01 -2.0027E-02 -1.1902E-01
  1.6000E+01  3.0000E+01  3.3792E-01  0.0000E+00  1.0000E+00  3.0000E+00  3.3792E-01  1.3028E-01  2.0763E-01  1.2340E+00
  1.6000E+01  3.0000E+01  9.5018E-02  0.0000E+00  2.0000E+00  3.0000E+00  9.5018E-02  4.6862E-02  4.8157E-02  2.8620E-01
  1.6000E+01  3.0000E+01  4.6384E-01  0.0000E+00  3.0000E+00  3.0000E+00  4.6384E-01  3.1839E-01  1.4545E-01  8.6445E-01
  1.6000E+01  4.5000E+01  1.0767E-01  0.0000E+00  1.0000E+00  3.0000E+00  1.0767E-01  1.9919E-02  8.7747E-02  5.2149E-01
  1.6000E+01  4.5000E+01  3.3552E-02  0.0000E+00  2.0000E+00  3.0000E+00  3.3552E-02  8.1321E-03  2.5420E-02  1.5107E-01
  1.6000E+01  4.5000E+01  1.9386E-01  0.0000E+00  3.0000E+00  3.0000E+00  1.9386E-01  6.6029E-02  1.2783E-01  7.5971E-01
  1.6000E+01  6.0000E+01  4.3657E-02  0.0000E+00  1.0000E+00  3.0000E+00  4.3657E-02  3.0454E-03  4.0612E-02  2.4136E-01
  1.6000E+01  6.0000E+01  1.9833E-02  0.0000E+00  2.0000E+00  3.0000E+00  1.9833E-02  1.3086E-03  1.8525E-02  1.1010E-01
  1.6000E+01  6.0000E+01  1.0360E-01  0.0000E+00  3.0000E+00  3.0000E+00  1.0360E-01  1.2221E-02  9.1381E-02  5.4309E-01
  1.6000E+01  9.0000E+01  1.9072E-02  0.0000E+00  1.0000E+00  3.0000E+00  1.9072E-02  7.1186E-05  1.9000E-02  1.1292E-01
  1.6000E+01  9.0000E+01  9.6593E-03  0.0000E+00  2.0000E+00  3.0000E+00  9.6593E-03  3.1557E-05  9.6278E-03  5.7219E-02
  1.6000E+01  9.0000E+01  4.6618E-02  0.0000E+00  3.0000E+00  3.0000E+00  4.6618E-02  3.5737E-04  4.6261E-02  2.7493E-01
  1.6000E+01  1.2000E+02  1.4771E-02  0.0000E+00  1.0000E+00  3.0000E+00  1.4771E-02  1.6640E-06  1.4769E-02  8.7774E-02
  1.6000E+01  1.2000E+02  6.2821E-03  0.0000E+00  2.0000E+00  3.0000E+00  6.2821E-03  7.4206E-07  6.2813E-03  3.7331E-02
  1.6000E+01  1.2000E+02  1.6070E-02  0.0000E+00  3.0000E+00  3.0000E+00  1.6070E-02  9.4297E-06  1.6060E-02  9.5447E-02
  1.7000E+01  0.0000E+00  0.0000E+00  1.0000E+00  1.0000E+00  3.0000E+00  0.0000E+00  5.5737E+00  0.0000E+00  0.0000E+00
  1.7000E+01  0.0000E+00  0.0000E+00  1.0000E+00  2.0000E+00  3.0000E+00  0.0000E+00  5.5737E+00  0.0000E+00  0.0000E+00
  1.7000E+01  0.0000E+00  0.0000E+00  1.0000E+00  3.0000E+00  3.0000E+00  0.0000E+00  5.5737E+00  0.0000E+00  0.0000E+00
  1.7000E+01  2.0000E+00  4.5478E+00  0.0000E+00  1.0000E+00  3.0000E+00  4.5478E+00  4.3390E+00  2.0882E-01  1.2410E+00
  1.7000E+01  2.0000E+00  3.9063E-01  0.0000E+00  2.0000E+00  3.0000E+00  3.9063E-01  2.0032E-01  1.9031E-01  1.1310E+00
  1.7000E+01  2.0000E+00  1.2048E+00  0.0000E+00  3.0000E+00  3.0000E+00  1.2048E+00  8.6227E-01  3.4255E-01  2.0358E+00
  1.7000E+01  5.0000E+00  3.1255E+00  0.0000E+00  1.0000E+00  3.0000E+00  3.1255E+00  2.9803E+00  1.4514E-01  8.6259E-01
  1.7000E+01  5.0000E+00  2.9385E-01  0.0000E+00  2.0000E+00  3.0000E+00  2.9385E-01  3.1778E-01 -2.3929E-02 -1.4221E-01
  1.7000E+01  5.0000E+00  1.5121E+00  0.0000E+00  3.0000E+00  3.0000E+00  1.5121E+00  1.4485E+00  6.3639E-02  3.7821E-01
  1.7000E+01  1.0000E+01  2.0996E+00  0.0000E+00  1.0000E+00  3.0000E+00  2.0996E+00  1.5936E+00  5.0591E-01  3.0067E+00
  1.7000E+01  1.0000E+01  3.1643E-01  0.0000E+00  2.0000E+00  3.0000E+00  3.1643E-01  2.9928E-01  1.7151E-02  1.0193E-01
  1.7000E+01  1.0000E+01  1.5447E+00  0.0000E+00  3.0000E+00  3.0000E+00  1.5447E+00  1.4939E+00  5.0746E-02  3.0158E-01
  1.7000E+01  1.5000E+01  9.9983E-01  0.0000E+00  1.0000E+00  3.0000E+00  9.9983E-01  8.5215E-01  1.4768E-01  8.7765E-01
  1.7000E+01  1.5000E+01  1.6238E-01  0.0000E+00  2.0000E+00  3.0000E+00  1.6238E-01  2.1268E-01 -5.0301E-02 -2.9894E-01
  1.7000E+01  1.5000E+01  1.0184E+00  0.0000E+00  3.0000E+00  3.0000E+00  1.0184E+00  1.1561E+00 -1.3771E-01 -8.1842E-01
  1.7000E+01  2.0000E+01  6.5338E-01  0.0000E+00  1.0000E+00  3.0000E+00  6.5338E-01  4.5566E-01  1.9772E-01  1.1751E+00
  1.7000E+01  2.0000E+01  2.0397E-01  0.0000E+00  2.0000E+00  3.0000E+00  2.0397E-01  1.3516E-01  6.8814E-02  4.0897E-01
  1.7000E+01  2.0000E+01  9.9637E-01  0.0000E+00  3.0000E+00  3.0000E+00  9.9637E-01  7.9565E-01  2.0071E-01  1.1929E+00
  1.7000E+01  3.0000E+01  3.4256E-01  0.0000E+00  1.0000E+00  3.0000E+00  3.4256E-01  1.3028E-01  2.1228E-01  1.2616E+00
  1.7000E+01  3.0000E+01  1.2828E-01  0.0000E+00  2.0000E+00  3.0000E+00  1.2828E-01  4.6862E-02  8.1419E-02  4.8388E-01
  1.7000E+01  3.0000E+01  6.2960E-01  0.0000E+00  3.0000E+00  3.0000E+00  6.2960E-01  3.1839E-01  3.1121E-01  1.8496E+00
  1.7000E+01  4.5000E+01  1.3841E-01  0.0000E+00  1.0000E+00  3.0000E+00  1.3841E-01  1.9919E-02  1.1849E-01  7.0422E-01
  1.7000E+01  4.5000E+01  5.0818E-02  0.0000E+00  2.0000E+00  3.0000E+00  5.0818E-02  8.1321E-03  4.2686E-02  2.5369E-01
  1.7000E+01  4.5000E+01  2.7534E-01  0.0000E+00  3.0000E+00  3.0000E+00  2.7534E-01  6.6029E-02  2.0931E-01  1.2440E+00
  1.7000E+01  6.0000E+01  6.8563E-02  0.0000E+00  1.0000E+00  3.0000E+00  6.8563E-02  3.0454E-03  6.5518E-02  3.8938E-01
  1.7000E+01  6.0000E+01  3.4471E-02  0.0000E+00  2.0000E+00  3.0000E+00  3.4471E-02  1.3086E-03  3.3163E-02  1.9709E-01
  1.7000E+01  6.0000E+01  1.4603E-01  0.0000E+00  3.0000E+00  3.0000E+00  1.4603E-01  1.2221E-02  1.3381E-01  7.9522E-01
  1.7000E+01  9.0000E+01  2.6426E-02  0.0000E+00  1.0000E+00  3.0000E+00  2.6426E-02  7.1186E-05  2.6355E-02  1.5663E-01
  1.7000E+01  9.0000E+01  2.1193E-02  0.0000E+00  2.0000E+00  3.0000E+00  2.1193E-02  3.1557E-05  2.1161E-02  1.2576E-01
  1.7000E+01  9.0000E+01  6.3956E-02  0.0000E+00  3.0000E+00  3.0000E+00  6.3956E-02  3.5737E-04  6.3598E-02  3.7797E-01
  1.7000E+01  1.2000E+02  1.1534E-02  0.0000E+00  1.0000E+00  3.0000E+00  1.1534E-02  1.6640E-06  1.1533E-02  6.8540E-02
  1.7000E+01  1.2000E+02  2.1529E-02  0.0000E+00  2.0000E+00  3.0000E+00  2.1529E-02  7.4206E-07  2.1529E-02  1.2795E-01
  1.7000E+01  1.2000E+02  3.0168E-02  0.0000E+00  3.0000E+00  3.0000E+00  3.0168E-02  9.4297E-06  3.0158E-02  1.7923E-01
  1.8000E+01  0.0000E+00  0.0000E+00  1.0000E+00  1.0000E+00  3.0000E+00  0.0000E+00  5.5737E+00  0.0000E+00  0.0000E+00
  1.8000E+01  0.0000E+00  0.0000E+00  1.0000E+00  2.0000E+00  3.0000E+00  0.0000E+00  5.5737E+00  0.0000E+00  0.0000E+00
  1.8000E+01  0.0000E+00  0.0000E+00  1.0000E+00  3.0000E+00  3.0000E+00  0.0000E+00  5.5737E+00  0.0000E+00  0.0000E+00
  1.8000E+01  2.0000E+00  3.7243E+00  0.0000E+00  1.0000E+00  3.0000E+00  3.7243E+00  4.3390E+00 -6.1468E-01 -3.6531E+00
  1.8000E+01  2.0000E+00  4.5835E-01  0.0000E+00  2.0000E+00  3.0000E+00  4.5835E-01  2.0032E-01  2.5803E-01  1.5335E+00
  1.8000E+01  2.0000E+00  1.1602E+00  0.0000E+00  3.0000E+00  3.0000E+00  1.1602E+00  8.6227E-01  2.9794E-01  1.7707E+00
  1.8000E+01  5.0000E+00  2.2840E+00  0.0000E+00  1.0000E+00  3.0000E+00  2.2840E+00  2.9803E+00 -6.9635E-01 -4.1385E+00
  1.8000E+01  5.0000E+00  3.2417E-01  0.0000E+00  2.0000E+00  3.0000E+00  3.2417E-01  3.1778E-01  6.3918E-03  3.7987E-02
  1.8000E+01  5.0000E+00  1.1645E+00  0.0000E+00  3.0000E+00  3.0000E+00  1.1645E+00  1.4485E+00 -2.8396E-01 -1.6876E+00
  1.8000E+01  1.0000E+01  1.5043E+00  0.0000E+00  1.0000E+00  3.0000E+00  1.5043E+00  1.5936E+00 -8.9298E-02 -5.3070E-01
  1.8000E+01  1.0000E+01  2.8305E-01  0.0000E+00  2.0000E+00  3.0000E+00  2.8305E-01  2.9928E-01 -1.6231E-02 -9.6460E-02
  1.8000E+01  1.0000E+01  1.0611E+00  0.0000E+00  3.0000E+00  3.0000E+00  1.0611E+00  1.4939E+00 -4.3283E-01 -2.5723E+00
  1.8000E+01  1.5000E+01  7.5200E-01  0.0000E+00  1.0000E+00  3.0000E+00  7.5200E-01  8.5215E-01 -1.0015E-01 -5.9519E-01
  1.8000E+01  1.5000E+01  1.3542E-01  0.0000E+00  2.0000E+00  3.0000E+00  1.3542E-01  2.1268E-01 -7.7262E-02 -4.5917E-01
  1.8000E+01  1.5000E+01  8.0086E-01  0.0000E+00  3.0000E+00  3.0000E+00  8.0086E-01  1.1561E+00 -3.5526E-01 -2.1114E+00
  1.8000E+01  2.0000E+01  4.8728E-01  0.0000E+00  1.0000E+00  3.0000E+00  4.8728E-01  4.5566E-01  3.1616E-02  1.8790E-01
  1.8000E+01  2.0000E+01  1.7862E-01  0.0000E+00  2.0000E+00  3.0000E+00  1.7862E-01  1.3516E-01  4.3458E-02  2.5827E-01
  1.8000E+01  2.0000E+01  7.9364E-01  0.0000E+00  3.0000E+00  3.0000E+00  7.9364E-01  7.9565E-01 -2.0091E-03 -1.1940E-02
  1.8000E+01  3.0000E+01  3.1137E-01  0.0000E+00  1.0000E+00  3.0000E+00  3.1137E-01  1.3028E-01  1.8109E-01  1.0762E+00
  1.8000E+01  3.0000E+01  1.3963E-01  0.0000E+00  2.0000E+00  3.0000E+00  1.3963E-01  4.6862E-02  9.2763E-02  5.5130E-01
  1.8000E+01  3.0000E+01  6.1293E-01  0.0000E+00  3.0000E+00  3.0000E+00  6.1293E-01  3.1839E-01  2.9454E-01  1.7504E+00
  1.8000E+01  4.5000E+01  1.2314E-01  0.0000E+00  1.0000E+00  3.0000E+00  1.2314E-01  1.9919E-02  1.0322E-01  6.1345E-01
  1.8000E+01  4.5000E+01  5.2491E-02  0.0000E+00  2.0000E+00  3.0000E+00  5.2491E-02  8.1321E-03  4.4359E-02  2.6363E-01
  1.8000E+01  4.5000E+01  2.5152E-01  0.0000E+00  3.0000E+00  3.0000E+00  2.5152E-01  6.6029E-02  1.8550E-01  1.1024E+00
  1.8000E+01  6.0000E+01  6.1908E-02  0.0000E+00  1.0000E+00  3.0000E+00  6.1908E-02  3.0454E-03  5.8862E-02  3.4982E-01
  1.8000E+01  6.0000E+01  3.4343E-02  0.0000E+00  2.0000E+00  3.0000E+00  3.4343E-02  1.3086E-03  3.3034E-02  1.9633E-01
  1.8000E+01  6.0000E+01  1.2934E-01  0.0000E+00  3.0000E+00  3.0000E+00  1.2934E-01  1.2221E-02  1.1712E-01  6.9605E-01
  1.8000E+01  9.0000E+01  2.1030E-02  0.0000E+00  1.0000E+00  3.0000E+00  2.1030E-02  7.1186E-05  2.0959E-02  1.2456E-01
  1.8000E+01  9.0000E+01  2.4894E-02  0.0000E+00  2.0000E+00  3.0000E+00  2.4894E-02  3.1557E-05  2.4862E-02  1.4776E-01
  1.8000E+01  9.0000E+01  5.2757E-02  0.0000E+00  3.0000E+00  3.0000E+00  5.2757E-02  3.5737E-04  5.2399E-02  3.1141E-01
  1.8000E+01  1.2000E+02  7.5896E-03  0.0000E+00  1.0000E+00  3.0000E+00  7.5896E-03  1.6640E-06  7.5880E-03  4.5096E-02
  1.8000E+01  1.2000E+02  2.1924E-02  0.0000E+00  2.0000E+00  3.0000E+00  2.1924E-02  7.4206E-07  2.1923E-02  1.3029E-01
  1.8000E+01  1.2000E+02  2.6129E-02  0.0000E+00  3.0000E+00  3.0000E+00  2.6129E-02  9.4297E-06  2.6119E-02  1.5523E-01
