TABLE NO.  1
 ID          TIME        DV          MDV         CMT         DL          IPRED       IWRES       DV          PRED        RES         WRES
  1.0000E+00  0.0000E+00  0.0000E+00  1.0000E+00  1.0000E+00  1.0000E+00  1.0887E+00 -1.0887E+00  0.0000E+00  1.0887E+00  0.0000E+00  0.0000E+00
  1.0000E+00  0.0000E+00  0.0000E+00  1.0000E+00  2.0000E+00  1.0000E+00  1.0887E+00 -1.0887E+00  0.0000E+00  1.0887E+00  0.0000E+00  0.0000E+00
  1.0000E+00  0.0000E+00  0.0000E+00  1.0000E+00  3.0000E+00  1.0000E+00  1.0887E+00 -1.0887E+00  0.0000E+00  1.0887E+00  0.0000E+00  0.0000E+00
  1.0000E+00  2.0000E+00  1.2515E+00  0.0000E+00  1.0000E+00  1.0000E+00  8.2858E-01  4.2291E-01  1.2515E+00  8.2858E-01  4.2291E-01  2.4316E+00
  1.0000E+00  2.0000E+00  8.4523E-02  0.0000E+00  2.0000E+00  1.0000E+00  3.4260E-02  5.0263E-02  8.4523E-02  3.4260E-02  5.0263E-02  2.8899E-01
  1.0000E+00  2.0000E+00  2.8306E-01  0.0000E+00  3.0000E+00  1.0000E+00  1.9007E-01  9.2988E-02  2.8306E-01  1.9007E-01  9.2988E-02  5.3464E-01
  1.0000E+00  5.0000E+00  6.7949E-01  0.0000E+00  1.0000E+00  1.0000E+00  5.4645E-01  1.3305E-01  6.7949E-01  5.4645E-01  1.3305E-01  7.6495E-01
  1.0000E+00  5.0000E+00  9.7183E-02  0.0000E+00  2.0000E+00  1.0000E+00  5.5928E-02  4.1255E-02  9.7183E-02  5.5928E-02  4.1255E-02  2.3720E-01
  1.0000E+00  5.0000E+00  3.9320E-01  0.0000E+00  3.0000E+00  1.0000E+00  3.1462E-01  7.8573E-02  3.9320E-01  3.1462E-01  7.8573E-02  4.5176E-01
  1.0000E+00  1.0000E+01  3.9554E-01  0.0000E+00  1.0000E+00  1.0000E+00  2.6973E-01  1.2581E-01  3.9554E-01  2.6973E-01  1.2581E-01  7.2335E-01
  1.0000E+00  1.0000E+01  4.1413E-02  0.0000E+00  2.0000E+00  1.0000E+00  5.4691E-02 -1.3278E-02  4.1413E-02  5.4691E-02 -1.3278E-02 -7.6341E-02
  1.0000E+00  1.0000E+01  2.8224E-01  0.0000E+00  3.0000E+00  1.0000E+00  3.1336E-01 -3.1122E-02  2.8224E-01  3.1336E-01 -3.1122E-02 -1.7893E-01
  1.0000E+00  1.5000E+01  9.0704E-02  0.0000E+00  1.0000E+00  1.0000E+00  1.3197E-01 -4.1264E-02  9.0704E-02  1.3197E-01 -4.1264E-02 -2.3725E-01
  1.0000E+00  1.5000E+01  3.5984E-02  0.0000E+00  2.0000E+00  1.0000E+00  3.9933E-02 -3.9496E-03  3.5984E-02  3.9933E-02 -3.9496E-03 -2.2708E-02
  1.0000E+00  1.5000E+01  4.3938E-01  0.0000E+00  3.0000E+00  1.0000E+00  2.3203E-01  2.0735E-01  4.3938E-01  2.3203E-01  2.0735E-01  1.1922E+00
  1.0000E+00  2.0000E+01  9.5029E-02  0.0000E+00  1.0000E+00  1.0000E+00  6.4281E-02  3.0748E-02  9.5029E-02  6.4281E-02  3.0748E-02  1.7679E-01
  1.0000E+00  2.0000E+01  6.7323E-02  0.0000E+00  2.0000E+00  1.0000E+00  2.5844E-02  4.1479E-02  6.7323E-02  2.5844E-02  4.1479E-02  2.3848E-01
  1.0000E+00  2.0000E+01  7.3311E-01  0.0000E+00  3.0000E+00  1.0000E+00  1.5185E-01  5.8125E-01  7.3311E-01  1.5185E-01  5.8125E-01  3.3420E+00
  1.0000E+00  3.0000E+01  7.8382E-02  0.0000E+00  1.0000E+00  1.0000E+00  1.5167E-02  6.3215E-02  7.8382E-02  1.5167E-02  6.3215E-02  3.6346E-01
  1.0000E+00  3.0000E+01  2.5186E-02  0.0000E+00  2.0000E+00  1.0000E+00  9.0896E-03  1.6097E-02  2.5186E-02  9.0896E-03  1.6097E-02  9.2549E-02
  1.0000E+00  3.0000E+01  1.2611E-01  0.0000E+00  3.0000E+00  1.0000E+00  5.4349E-02  7.1760E-02  1.2611E-01  5.4349E-02  7.1760E-02  4.1259E-01
  1.0000E+00  4.5000E+01  3.0037E-02  0.0000E+00  1.0000E+00  1.0000E+00  1.7317E-03  2.8305E-02  3.0037E-02  1.7317E-03  2.8305E-02  1.6274E-01
  1.0000E+00  4.5000E+01  1.1316E-02  0.0000E+00  2.0000E+00  1.0000E+00  1.5393E-03  9.7772E-03  1.1316E-02  1.5393E-03  9.7772E-03  5.6215E-02
  1.0000E+00  4.5000E+01  4.4509E-02  0.0000E+00  3.0000E+00  1.0000E+00  9.3941E-03  3.5115E-02  4.4509E-02  9.3941E-03  3.5115E-02  2.0189E-01
  1.0000E+00  6.0000E+01  2.1091E-02  0.0000E+00  1.0000E+00  1.0000E+00  1.9757E-04  2.0893E-02  2.1091E-02  1.9757E-04  2.0893E-02  1.2013E-01
  1.0000E+00  6.0000E+01  5.4493E-03  0.0000E+00  2.0000E+00  1.0000E+00  2.3108E-04  5.2182E-03  5.4493E-03  2.3108E-04  5.2182E-03  3.0002E-02
  1.0000E+00  6.0000E+01  2.0559E-02  0.0000E+00  3.0000E+00  1.0000E+00  1.4354E-03  1.9123E-02  2.0559E-02  1.4354E-03  1.9123E-02  1.0995E-01
  1.0000E+00  9.0000E+01  0.0000E+00  1.0000E+00  1.0000E+00  1.0000E+00  2.5712E-06 -2.5712E-06  0.0000E+00  2.5712E-06  0.0000E+00  0.0000E+00
  1.0000E+00  9.0000E+01  0.0000E+00  1.0000E+00  2.0000E+00  1.0000E+00  2.5712E-06 -2.5712E-06  0.0000E+00  2.5712E-06  0.0000E+00  0.0000E+00
  1.0000E+00  9.0000E+01  9.0481E-03  0.0000E+00  3.0000E+00  1.0000E+00  2.8117E-05  9.0200E-03  9.0481E-03  2.8117E-05  9.0200E-03  5.1861E-02
  1.0000E+00  1.2000E+02  0.0000E+00  1.0000E+00  1.0000E+00  1.0000E+00  3.3462E-08 -3.3462E-08  0.0000E+00  3.3462E-08  0.0000E+00  0.0000E+00
  1.0000E+00  1.2000E+02  0.0000E+00  1.0000E+00  2.0000E+00  1.0000E+00  3.3462E-08 -3.3462E-08  0.0000E+00  3.3462E-08  0.0000E+00  0.0000E+00
  1.0000E+00  1.2000E+02  0.0000E+00  1.0000E+00  3.0000E+00  1.0000E+00  3.3462E-08 -3.3462E-08  0.0000E+00  3.3462E-08  0.0000E+00  0.0000E+00
  2.0000E+00  0.0000E+00  0.0000E+00  1.0000E+00  1.0000E+00  1.0000E+00  1.0887E+00 -1.0887E+00  0.0000E+00  1.0887E+00  0.0000E+00  0.0000E+00
  2.0000E+00  0.0000E+00  0.0000E+00  1.0000E+00  2.0000E+00  1.0000E+00  1.0887E+00 -1.0887E+00  0.0000E+00  1.0887E+00  0.0000E+00  0.0000E+00
  2.0000E+00  0.0000E+00  0.0000E+00  1.0000E+00  3.0000E+00  1.0000E+00  1.0887E+00 -1.0887E+00  0.0000E+00  1.0887E+00  0.0000E+00  0.0000E+00
  2.0000E+00  2.0000E+00  7.0005E-01  0.0000E+00  1.0000E+00  1.0000E+00  8.2858E-01 -1.2854E-01  7.0005E-01  8.2858E-01 -1.2854E-01 -7.3904E-01
  2.0000E+00  2.0000E+00  9.8590E-02  0.0000E+00  2.0000E+00  1.0000E+00  3.4260E-02  6.4330E-02  9.8590E-02  3.4260E-02  6.4330E-02  3.6987E-01
  2.0000E+00  2.0000E+00  2.6160E-01  0.0000E+00  3.0000E+00  1.0000E+00  1.9007E-01  7.1530E-02  2.6160E-01  1.9007E-01  7.1530E-02  4.1126E-01
  2.0000E+00  5.0000E+00  4.6367E-01  0.0000E+00  1.0000E+00  1.0000E+00  5.4645E-01 -8.2777E-02  4.6367E-01  5.4645E-01 -8.2777E-02 -4.7593E-01
  2.0000E+00  5.0000E+00  5.4269E-02  0.0000E+00  2.0000E+00  1.0000E+00  5.5928E-02 -1.6588E-03  5.4269E-02  5.5928E-02 -1.6588E-03 -9.5375E-03
  2.0000E+00  5.0000E+00  1.8639E-01  0.0000E+00  3.0000E+00  1.0000E+00  3.1462E-01 -1.2824E-01  1.8639E-01  3.1462E-01 -1.2824E-01 -7.3732E-01
  2.0000E+00  1.0000E+01  2.3654E-01  0.0000E+00  1.0000E+00  1.0000E+00  2.6973E-01 -3.3190E-02  2.3654E-01  2.6973E-01 -3.3190E-02 -1.9083E-01
  2.0000E+00  1.0000E+01  3.4595E-02  0.0000E+00  2.0000E+00  1.0000E+00  5.4691E-02 -2.0095E-02  3.4595E-02  5.4691E-02 -2.0095E-02 -1.1554E-01
  2.0000E+00  1.0000E+01  1.7408E-01  0.0000E+00  3.0000E+00  1.0000E+00  3.1336E-01 -1.3927E-01  1.7408E-01  3.1336E-01 -1.3927E-01 -8.0076E-01
  2.0000E+00  1.5000E+01  1.7202E-01  0.0000E+00  1.0000E+00  1.0000E+00  1.3197E-01  4.0047E-02  1.7202E-01  1.3197E-01  4.0047E-02  2.3025E-01
  2.0000E+00  1.5000E+01  2.7459E-02  0.0000E+00  2.0000E+00  1.0000E+00  3.9933E-02 -1.2474E-02  2.7459E-02  3.9933E-02 -1.2474E-02 -7.1718E-02
  2.0000E+00  1.5000E+01  1.1797E-01  0.0000E+00  3.0000E+00  1.0000E+00  2.3203E-01 -1.1406E-01  1.1797E-01  2.3203E-01 -1.1406E-01 -6.5581E-01
  2.0000E+00  2.0000E+01  1.1766E-01  0.0000E+00  1.0000E+00  1.0000E+00  6.4281E-02  5.3381E-02  1.1766E-01  6.4281E-02  5.3381E-02  3.0692E-01
  2.0000E+00  2.0000E+01  3.0066E-02  0.0000E+00  2.0000E+00  1.0000E+00  2.5844E-02  4.2215E-03  3.0066E-02  2.5844E-02  4.2215E-03  2.4271E-02
  2.0000E+00  2.0000E+01  1.4598E-01  0.0000E+00  3.0000E+00  1.0000E+00  1.5185E-01 -5.8736E-03  1.4598E-01  1.5185E-01 -5.8736E-03 -3.3770E-02
  2.0000E+00  3.0000E+01  5.9915E-02  0.0000E+00  1.0000E+00  1.0000E+00  1.5167E-02  4.4748E-02  5.9915E-02  1.5167E-02  4.4748E-02  2.5728E-01
  2.0000E+00  3.0000E+01  1.9941E-02  0.0000E+00  2.0000E+00  1.0000E+00  9.0896E-03  1.0852E-02  1.9941E-02  9.0896E-03  1.0852E-02  6.2393E-02
  2.0000E+00  3.0000E+01  8.2562E-02  0.0000E+00  3.0000E+00  1.0000E+00  5.4349E-02  2.8213E-02  8.2562E-02  5.4349E-02  2.8213E-02  1.6221E-01
  2.0000E+00  4.5000E+01  3.7580E-02  0.0000E+00  1.0000E+00  1.0000E+00  1.7317E-03  3.5848E-02  3.7580E-02  1.7317E-03  3.5848E-02  2.0611E-01
  2.0000E+00  4.5000E+01  1.2817E-02  0.0000E+00  2.0000E+00  1.0000E+00  1.5393E-03  1.1277E-02  1.2817E-02  1.5393E-03  1.1277E-02  6.4840E-02
  2.0000E+00  4.5000E+01  4.8137E-02  0.0000E+00  3.0000E+00  1.0000E+00  9.3941E-03  3.8742E-02  4.8137E-02  9.3941E-03  3.8742E-02  2.2275E-01
  2.0000E+00  6.0000E+01  0.0000E+00  1.0000E+00  1.0000E+00  1.0000E+00  1.9757E-04 -1.9757E-04  0.0000E+00  1.9757E-04  0.0000E+00  0.0000E+00
  2.0000E+00  6.0000E+01  9.1171E-03  0.0000E+00  2.0000E+00  1.0000E+00  2.3108E-04  8.8861E-03  9.1171E-03  2.3108E-04  8.8861E-03  5.1091E-02
  2.0000E+00  6.0000E+01  1.9701E-02  0.0000E+00  3.0000E+00  1.0000E+00  1.4354E-03  1.8266E-02  1.9701E-02  1.4354E-03  1.8266E-02  1.0502E-01
  2.0000E+00  9.0000E+01  0.0000E+00  1.0000E+00  1.0000E+00  1.0000E+00  2.5712E-06 -2.5712E-06  0.0000E+00  2.5712E-06  0.0000E+00  0.0000E+00
  2.0000E+00  9.0000E+01  0.0000E+00  1.0000E+00  2.0000E+00  1.0000E+00  2.5712E-06 -2.5712E-06  0.0000E+00  2.5712E-06  0.0000E+00  0.0000E+00
  2.0000E+00  9.0000E+01  6.9208E-03  0.0000E+00  3.0000E+00  1.0000E+00  2.8117E-05  6.8927E-03  6.9208E-03  2.8117E-05  6.8927E-03  3.9630E-02
  2.0000E+00  1.2000E+02  0.0000E+00  1.0000E+00  1.0000E+00  1.0000E+00  3.3462E-08 -3.3462E-08  0.0000E+00  3.3462E-08  0.0000E+00  0.0000E+00
  2.0000E+00  1.2000E+02  0.0000E+00  1.0000E+00  2.0000E+00  1.0000E+00  3.3462E-08 -3.3462E-08  0.0000E+00  3.3462E-08  0.0000E+00  0.0000E+00
  2.0000E+00  1.2000E+02  2.4376E-03  0.0000E+00  3.0000E+00  1.0000E+00  4.8814E-07  2.4371E-03  2.4376E-03  4.8814E-07  2.4371E-03  1.4012E-02
  3.0000E+00  0.0000E+00  0.0000E+00  1.0000E+00  1.0000E+00  1.0000E+00  1.0887E+00 -1.0887E+00  0.0000E+00  1.0887E+00  0.0000E+00  0.0000E+00
  3.0000E+00  0.0000E+00  0.0000E+00  1.0000E+00  2.0000E+00  1.0000E+00  1.0887E+00 -1.0887E+00  0.0000E+00  1.0887E+00  0.0000E+00  0.0000E+00
  3.0000E+00  0.0000E+00  0.0000E+00  1.0000E+00  3.0000E+00  1.0000E+00  1.0887E+00 -1.0887E+00  0.0000E+00  1.0887E+00  0.0000E+00  0.0000E+00
  3.0000E+00  2.0000E+00  6.9184E-01  0.0000E+00  1.0000E+00  1.0000E+00  8.2858E-01 -1.3674E-01  6.9184E-01  8.2858E-01 -1.3674E-01 -7.8622E-01
  3.0000E+00  2.0000E+00  8.5567E-02  0.0000E+00  2.0000E+00  1.0000E+00  3.4260E-02  5.1307E-02  8.5567E-02  3.4260E-02  5.1307E-02  2.9499E-01
  3.0000E+00  2.0000E+00  2.3866E-01  0.0000E+00  3.0000E+00  1.0000E+00  1.9007E-01  4.8593E-02  2.3866E-01  1.9007E-01  4.8593E-02  2.7939E-01
  3.0000E+00  5.0000E+00  4.9224E-01  0.0000E+00  1.0000E+00  1.0000E+00  5.4645E-01 -5.4204E-02  4.9224E-01  5.4645E-01 -5.4204E-02 -3.1165E-01
  3.0000E+00  5.0000E+00  7.8575E-02  0.0000E+00  2.0000E+00  1.0000E+00  5.5928E-02  2.2647E-02  7.8575E-02  5.5928E-02  2.2647E-02  1.3021E-01
  3.0000E+00  5.0000E+00  2.8869E-01  0.0000E+00  3.0000E+00  1.0000E+00  3.1462E-01 -2.5940E-02  2.8869E-01  3.1462E-01 -2.5940E-02 -1.4914E-01
  3.0000E+00  1.0000E+01  3.4308E-01  0.0000E+00  1.0000E+00  1.0000E+00  2.6973E-01  7.3354E-02  3.4308E-01  2.6973E-01  7.3354E-02  4.2175E-01
  3.0000E+00  1.0000E+01  5.7500E-02  0.0000E+00  2.0000E+00  1.0000E+00  5.4691E-02  2.8090E-03  5.7500E-02  5.4691E-02  2.8090E-03  1.6151E-02
  3.0000E+00  1.0000E+01  2.4895E-01  0.0000E+00  3.0000E+00  1.0000E+00  3.1336E-01 -6.4404E-02  2.4895E-01  3.1336E-01 -6.4404E-02 -3.7030E-01
  3.0000E+00  1.5000E+01  2.2622E-01  0.0000E+00  1.0000E+00  1.0000E+00  1.3197E-01  9.4251E-02  2.2622E-01  1.3197E-01  9.4251E-02  5.4190E-01
  3.0000E+00  1.5000E+01  4.2181E-02  0.0000E+00  2.0000E+00  1.0000E+00  3.9933E-02  2.2474E-03  4.2181E-02  3.9933E-02  2.2474E-03  1.2922E-02
  3.0000E+00  1.5000E+01  1.9632E-01  0.0000E+00  3.0000E+00  1.0000E+00  2.3203E-01 -3.5713E-02  1.9632E-01  2.3203E-01 -3.5713E-02 -2.0533E-01
  3.0000E+00  2.0000E+01  1.1753E-01  0.0000E+00  1.0000E+00  1.0000E+00  6.4281E-02  5.3247E-02  1.1753E-01  6.4281E-02  5.3247E-02  3.0615E-01
  3.0000E+00  2.0000E+01  3.7602E-02  0.0000E+00  2.0000E+00  1.0000E+00  2.5844E-02  1.1758E-02  3.7602E-02  2.5844E-02  1.1758E-02  6.7602E-02
  3.0000E+00  2.0000E+01  1.8233E-01  0.0000E+00  3.0000E+00  1.0000E+00  1.5185E-01  3.0474E-02  1.8233E-01  1.5185E-01  3.0474E-02  1.7521E-01
  3.0000E+00  3.0000E+01  8.6376E-02  0.0000E+00  1.0000E+00  1.0000E+00  1.5167E-02  7.1208E-02  8.6376E-02  1.5167E-02  7.1208E-02  4.0942E-01
  3.0000E+00  3.0000E+01  2.2411E-02  0.0000E+00  2.0000E+00  1.0000E+00  9.0896E-03  1.3322E-02  2.2411E-02  9.0896E-03  1.3322E-02  7.6594E-02
  3.0000E+00  3.0000E+01  1.2741E-01  0.0000E+00  3.0000E+00  1.0000E+00  5.4349E-02  7.3057E-02  1.2741E-01  5.4349E-02  7.3057E-02  4.2005E-01
  3.0000E+00  4.5000E+01  0.0000E+00  1.0000E+00  1.0000E+00  1.0000E+00  1.7317E-03 -1.7317E-03  0.0000E+00  1.7317E-03  0.0000E+00  0.0000E+00
  3.0000E+00  4.5000E+01  0.0000E+00  1.0000E+00  2.0000E+00  1.0000E+00  1.7317E-03 -1.7317E-03  0.0000E+00  1.7317E-03  0.0000E+00  0.0000E+00
  3.0000E+00  4.5000E+01  0.0000E+00  1.0000E+00  3.0000E+00  1.0000E+00  1.7317E-03 -1.7317E-03  0.0000E+00  1.7317E-03  0.0000E+00  0.0000E+00
  3.0000E+00  6.0000E+01  0.0000E+00  1.0000E+00  1.0000E+00  1.0000E+00  1.9757E-04 -1.9757E-04  0.0000E+00  1.9757E-04  0.0000E+00  0.0000E+00
  3.0000E+00  6.0000E+01  0.0000E+00  1.0000E+00  2.0000E+00  1.0000E+00  1.9757E-04 -1.9757E-04  0.0000E+00  1.9757E-04  0.0000E+00  0.0000E+00
  3.0000E+00  6.0000E+01  0.0000E+00  1.0000E+00  3.0000E+00  1.0000E+00  1.9757E-04 -1.9757E-04  0.0000E+00  1.9757E-04  0.0000E+00  0.0000E+00
  3.0000E+00  9.0000E+01  0.0000E+00  1.0000E+00  1.0000E+00  1.0000E+00  2.5712E-06 -2.5712E-06  0.0000E+00  2.5712E-06  0.0000E+00  0.0000E+00
  3.0000E+00  9.0000E+01  0.0000E+00  1.0000E+00  2.0000E+00  1.0000E+00  2.5712E-06 -2.5712E-06  0.0000E+00  2.5712E-06  0.0000E+00  0.0000E+00
  3.0000E+00  9.0000E+01  0.0000E+00  1.0000E+00  3.0000E+00  1.0000E+00  2.5712E-06 -2.5712E-06  0.0000E+00  2.5712E-06  0.0000E+00  0.0000E+00
  3.0000E+00  1.2000E+02  0.0000E+00  1.0000E+00  1.0000E+00  1.0000E+00  3.3462E-08 -3.3462E-08  0.0000E+00  3.3462E-08  0.0000E+00  0.0000E+00
  3.0000E+00  1.2000E+02  0.0000E+00  1.0000E+00  2.0000E+00  1.0000E+00  3.3462E-08 -3.3462E-08  0.0000E+00  3.3462E-08  0.0000E+00  0.0000E+00
  3.0000E+00  1.2000E+02  0.0000E+00  1.0000E+00  3.0000E+00  1.0000E+00  3.3462E-08 -3.3462E-08  0.0000E+00  3.3462E-08  0.0000E+00  0.0000E+00
  4.0000E+00  0.0000E+00  0.0000E+00  1.0000E+00  1.0000E+00  1.0000E+00  1.0887E+00 -1.0887E+00  0.0000E+00  1.0887E+00  0.0000E+00  0.0000E+00
  4.0000E+00  0.0000E+00  0.0000E+00  1.0000E+00  2.0000E+00  1.0000E+00  1.0887E+00 -1.0887E+00  0.0000E+00  1.0887E+00  0.0000E+00  0.0000E+00
  4.0000E+00  0.0000E+00  0.0000E+00  1.0000E+00  3.0000E+00  1.0000E+00  1.0887E+00 -1.0887E+00  0.0000E+00  1.0887E+00  0.0000E+00  0.0000E+00
  4.0000E+00  2.0000E+00  4.2806E-01  0.0000E+00  1.0000E+00  1.0000E+00  8.2858E-01 -4.0052E-01  4.2806E-01  8.2858E-01 -4.0052E-01 -2.3028E+00
  4.0000E+00  2.0000E+00  7.5711E-02  0.0000E+00  2.0000E+00  1.0000E+00  3.4260E-02  4.1451E-02  7.5711E-02  3.4260E-02  4.1451E-02  2.3832E-01
  4.0000E+00  2.0000E+00  2.2091E-01  0.0000E+00  3.0000E+00  1.0000E+00  1.9007E-01  3.0845E-02  2.2091E-01  1.9007E-01  3.0845E-02  1.7734E-01
  4.0000E+00  5.0000E+00  6.0749E-01  0.0000E+00  1.0000E+00  1.0000E+00  5.4645E-01  6.1042E-02  6.0749E-01  5.4645E-01  6.1042E-02  3.5097E-01
  4.0000E+00  5.0000E+00  6.2910E-02  0.0000E+00  2.0000E+00  1.0000E+00  5.5928E-02  6.9825E-03  6.2910E-02  5.5928E-02  6.9825E-03  4.0146E-02
  4.0000E+00  5.0000E+00  2.2759E-01  0.0000E+00  3.0000E+00  1.0000E+00  3.1462E-01 -8.7030E-02  2.2759E-01  3.1462E-01 -8.7030E-02 -5.0038E-01
  4.0000E+00  1.0000E+01  2.6508E-01  0.0000E+00  1.0000E+00  1.0000E+00  2.6973E-01 -4.6509E-03  2.6508E-01  2.6973E-01 -4.6509E-03 -2.6741E-02
  4.0000E+00  1.0000E+01  4.3093E-02  0.0000E+00  2.0000E+00  1.0000E+00  5.4691E-02 -1.1598E-02  4.3093E-02  5.4691E-02 -1.1598E-02 -6.6682E-02
  4.0000E+00  1.0000E+01  2.0214E-01  0.0000E+00  3.0000E+00  1.0000E+00  3.1336E-01 -1.1122E-01  2.0214E-01  3.1336E-01 -1.1122E-01 -6.3945E-01
  4.0000E+00  1.5000E+01  2.0983E-01  0.0000E+00  1.0000E+00  1.0000E+00  1.3197E-01  7.7865E-02  2.0983E-01  1.3197E-01  7.7865E-02  4.4769E-01
  4.0000E+00  1.5000E+01  3.3288E-02  0.0000E+00  2.0000E+00  1.0000E+00  3.9933E-02 -6.6456E-03  3.3288E-02  3.9933E-02 -6.6456E-03 -3.8209E-02
  4.0000E+00  1.5000E+01  1.4980E-01  0.0000E+00  3.0000E+00  1.0000E+00  2.3203E-01 -8.2226E-02  1.4980E-01  2.3203E-01 -8.2226E-02 -4.7276E-01
  4.0000E+00  2.0000E+01  9.9859E-02  0.0000E+00  1.0000E+00  1.0000E+00  6.4281E-02  3.5578E-02  9.9859E-02  6.4281E-02  3.5578E-02  2.0456E-01
  4.0000E+00  2.0000E+01  3.2202E-02  0.0000E+00  2.0000E+00  1.0000E+00  2.5844E-02  6.3579E-03  3.2202E-02  2.5844E-02  6.3579E-03  3.6555E-02
  4.0000E+00  2.0000E+01  1.7512E-01  0.0000E+00  3.0000E+00  1.0000E+00  1.5185E-01  2.3268E-02  1.7512E-01  1.5185E-01  2.3268E-02  1.3378E-01
  4.0000E+00  3.0000E+01  7.1663E-02  0.0000E+00  1.0000E+00  1.0000E+00  1.5167E-02  5.6496E-02  7.1663E-02  1.5167E-02  5.6496E-02  3.2483E-01
  4.0000E+00  3.0000E+01  2.7932E-02  0.0000E+00  2.0000E+00  1.0000E+00  9.0896E-03  1.8842E-02  2.7932E-02  9.0896E-03  1.8842E-02  1.0834E-01
  4.0000E+00  3.0000E+01  1.1486E-01  0.0000E+00  3.0000E+00  1.0000E+00  5.4349E-02  6.0509E-02  1.1486E-01  5.4349E-02  6.0509E-02  3.4790E-01
  4.0000E+00  4.5000E+01  3.9346E-02  0.0000E+00  1.0000E+00  1.0000E+00  1.7317E-03  3.7614E-02  3.9346E-02  1.7317E-03  3.7614E-02  2.1626E-01
  4.0000E+00  4.5000E+01  8.9048E-03  0.0000E+00  2.0000E+00  1.0000E+00  1.5393E-03  7.3656E-03  8.9048E-03  1.5393E-03  7.3656E-03  4.2349E-02
  4.0000E+00  4.5000E+01  4.4412E-02  0.0000E+00  3.0000E+00  1.0000E+00  9.3941E-03  3.5018E-02  4.4412E-02  9.3941E-03  3.5018E-02  2.0134E-01
  4.0000E+00  6.0000E+01  0.0000E+00  1.0000E+00  1.0000E+00  1.0000E+00  1.9757E-04 -1.9757E-04  0.0000E+00  1.9757E-04  0.0000E+00  0.0000E+00
  4.0000E+00  6.0000E+01  0.0000E+00  1.0000E+00  2.0000E+00  1.0000E+00  1.9757E-04 -1.9757E-04  0.0000E+00  1.9757E-04  0.0000E+00  0.0000E+00
  4.0000E+00  6.0000E+01  0.0000E+00  1.0000E+00  3.0000E+00  1.0000E+00  1.9757E-04 -1.9757E-04  0.0000E+00  1.9757E-04  0.0000E+00  0.0000E+00
  4.0000E+00  9.0000E+01  0.0000E+00  1.0000E+00  1.0000E+00  1.0000E+00  2.5712E-06 -2.5712E-06  0.0000E+00  2.5712E-06  0.0000E+00  0.0000E+00
  4.0000E+00  9.0000E+01  0.0000E+00  1.0000E+00  2.0000E+00  1.0000E+00  2.5712E-06 -2.5712E-06  0.0000E+00  2.5712E-06  0.0000E+00  0.0000E+00
  4.0000E+00  9.0000E+01  0.0000E+00  1.0000E+00  3.0000E+00  1.0000E+00  2.5712E-06 -2.5712E-06  0.0000E+00  2.5712E-06  0.0000E+00  0.0000E+00
  4.0000E+00  1.2000E+02  0.0000E+00  1.0000E+00  1.0000E+00  1.0000E+00  3.3462E-08 -3.3462E-08  0.0000E+00  3.3462E-08  0.0000E+00  0.0000E+00
  4.0000E+00  1.2000E+02  0.0000E+00  1.0000E+00  2.0000E+00  1.0000E+00  3.3462E-08 -3.3462E-08  0.0000E+00  3.3462E-08  0.0000E+00  0.0000E+00
  4.0000E+00  1.2000E+02  0.0000E+00  1.0000E+00  3.0000E+00  1.0000E+00  3.3462E-08 -3.3462E-08  0.0000E+00  3.3462E-08  0.0000E+00  0.0000E+00
  5.0000E+00  0.0000E+00  0.0000E+00  1.0000E+00  1.0000E+00  1.0000E+00  1.0887E+00 -1.0887E+00  0.0000E+00  1.0887E+00  0.0000E+00  0.0000E+00
  5.0000E+00  0.0000E+00  0.0000E+00  1.0000E+00  2.0000E+00  1.0000E+00  1.0887E+00 -1.0887E+00  0.0000E+00  1.0887E+00  0.0000E+00  0.0000E+00
  5.0000E+00  0.0000E+00  0.0000E+00  1.0000E+00  3.0000E+00  1.0000E+00  1.0887E+00 -1.0887E+00  0.0000E+00  1.0887E+00  0.0000E+00  0.0000E+00
  5.0000E+00  2.0000E+00  7.4113E-01  0.0000E+00  1.0000E+00  1.0000E+00  8.2858E-01 -8.7457E-02  7.4113E-01  8.2858E-01 -8.7457E-02 -5.0284E-01
  5.0000E+00  2.0000E+00  1.0271E-01  0.0000E+00  2.0000E+00  1.0000E+00  3.4260E-02  6.8454E-02  1.0271E-01  3.4260E-02  6.8454E-02  3.9358E-01
  5.0000E+00  2.0000E+00  2.9757E-01  0.0000E+00  3.0000E+00  1.0000E+00  1.9007E-01  1.0750E-01  2.9757E-01  1.9007E-01  1.0750E-01  6.1806E-01
  5.0000E+00  5.0000E+00  6.9791E-01  0.0000E+00  1.0000E+00  1.0000E+00  5.4645E-01  1.5146E-01  6.9791E-01  5.4645E-01  1.5146E-01  8.7083E-01
  5.0000E+00  5.0000E+00  1.0137E-01  0.0000E+00  2.0000E+00  1.0000E+00  5.5928E-02  4.5447E-02  1.0137E-01  5.5928E-02  4.5447E-02  2.6130E-01
  5.0000E+00  5.0000E+00  3.0011E-01  0.0000E+00  3.0000E+00  1.0000E+00  3.1462E-01 -1.4511E-02  3.0011E-01  3.1462E-01 -1.4511E-02 -8.3430E-02
  5.0000E+00  1.0000E+01  3.3251E-01  0.0000E+00  1.0000E+00  1.0000E+00  2.6973E-01  6.2787E-02  3.3251E-01  2.6973E-01  6.2787E-02  3.6100E-01
  5.0000E+00  1.0000E+01  7.5230E-02  0.0000E+00  2.0000E+00  1.0000E+00  5.4691E-02  2.0539E-02  7.5230E-02  5.4691E-02  2.0539E-02  1.1809E-01
  5.0000E+00  1.0000E+01  2.9453E-01  0.0000E+00  3.0000E+00  1.0000E+00  3.1336E-01 -1.8829E-02  2.9453E-01  3.1336E-01 -1.8829E-02 -1.0826E-01
  5.0000E+00  1.5000E+01  2.9694E-01  0.0000E+00  1.0000E+00  1.0000E+00  1.3197E-01  1.6497E-01  2.9694E-01  1.3197E-01  1.6497E-01  9.4852E-01
  5.0000E+00  1.5000E+01  6.5308E-02  0.0000E+00  2.0000E+00  1.0000E+00  3.9933E-02  2.5375E-02  6.5308E-02  3.9933E-02  2.5375E-02  1.4589E-01
  5.0000E+00  1.5000E+01  2.6111E-01  0.0000E+00  3.0000E+00  1.0000E+00  2.3203E-01  2.9078E-02  2.6111E-01  2.3203E-01  2.9078E-02  1.6718E-01
  5.0000E+00  2.0000E+01  1.9322E-01  0.0000E+00  1.0000E+00  1.0000E+00  6.4281E-02  1.2894E-01  1.9322E-01  6.4281E-02  1.2894E-01  7.4135E-01
  5.0000E+00  2.0000E+01  3.8275E-02  0.0000E+00  2.0000E+00  1.0000E+00  2.5844E-02  1.2430E-02  3.8275E-02  2.5844E-02  1.2430E-02  7.1469E-02
  5.0000E+00  2.0000E+01  1.6223E-01  0.0000E+00  3.0000E+00  1.0000E+00  1.5185E-01  1.0377E-02  1.6223E-01  1.5185E-01  1.0377E-02  5.9665E-02
  5.0000E+00  3.0000E+01  1.4249E-01  0.0000E+00  1.0000E+00  1.0000E+00  1.5167E-02  1.2732E-01  1.4249E-01  1.5167E-02  1.2732E-01  7.3203E-01
  5.0000E+00  3.0000E+01  4.2253E-02  0.0000E+00  2.0000E+00  1.0000E+00  9.0896E-03  3.3163E-02  4.2253E-02  9.0896E-03  3.3163E-02  1.9067E-01
  5.0000E+00  3.0000E+01  1.5744E-01  0.0000E+00  3.0000E+00  1.0000E+00  5.4349E-02  1.0309E-01  1.5744E-01  5.4349E-02  1.0309E-01  5.9272E-01
  5.0000E+00  4.5000E+01  6.7844E-02  0.0000E+00  1.0000E+00  1.0000E+00  1.7317E-03  6.6113E-02  6.7844E-02  1.7317E-03  6.6113E-02  3.8012E-01
  5.0000E+00  4.5000E+01  2.5643E-02  0.0000E+00  2.0000E+00  1.0000E+00  1.5393E-03  2.4104E-02  2.5643E-02  1.5393E-03  2.4104E-02  1.3859E-01
  5.0000E+00  4.5000E+01  9.8244E-02  0.0000E+00  3.0000E+00  1.0000E+00  9.3941E-03  8.8850E-02  9.8244E-02  9.3941E-03  8.8850E-02  5.1085E-01
  5.0000E+00  6.0000E+01  0.0000E+00  1.0000E+00  1.0000E+00  1.0000E+00  1.9757E-04 -1.9757E-04  0.0000E+00  1.9757E-04  0.0000E+00  0.0000E+00
  5.0000E+00  6.0000E+01  0.0000E+00  1.0000E+00  2.0000E+00  1.0000E+00  1.9757E-04 -1.9757E-04  0.0000E+00  1.9757E-04  0.0000E+00  0.0000E+00
  5.0000E+00  6.0000E+01  0.0000E+00  1.0000E+00  3.0000E+00  1.0000E+00  1.9757E-04 -1.9757E-04  0.0000E+00  1.9757E-04  0.0000E+00  0.0000E+00
  5.0000E+00  9.0000E+01  0.0000E+00  1.0000E+00  1.0000E+00  1.0000E+00  2.5712E-06 -2.5712E-06  0.0000E+00  2.5712E-06  0.0000E+00  0.0000E+00
  5.0000E+00  9.0000E+01  0.0000E+00  1.0000E+00  2.0000E+00  1.0000E+00  2.5712E-06 -2.5712E-06  0.0000E+00  2.5712E-06  0.0000E+00  0.0000E+00
  5.0000E+00  9.0000E+01  0.0000E+00  1.0000E+00  3.0000E+00  1.0000E+00  2.5712E-06 -2.5712E-06  0.0000E+00  2.5712E-06  0.0000E+00  0.0000E+00
  5.0000E+00  1.2000E+02  0.0000E+00  1.0000E+00  1.0000E+00  1.0000E+00  3.3462E-08 -3.3462E-08  0.0000E+00  3.3462E-08  0.0000E+00  0.0000E+00
  5.0000E+00  1.2000E+02  0.0000E+00  1.0000E+00  2.0000E+00  1.0000E+00  3.3462E-08 -3.3462E-08  0.0000E+00  3.3462E-08  0.0000E+00  0.0000E+00
  5.0000E+00  1.2000E+02  0.0000E+00  1.0000E+00  3.0000E+00  1.0000E+00  3.3462E-08 -3.3462E-08  0.0000E+00  3.3462E-08  0.0000E+00  0.0000E+00
  6.0000E+00  0.0000E+00  0.0000E+00  1.0000E+00  1.0000E+00  1.0000E+00  1.0887E+00 -1.0887E+00  0.0000E+00  1.0887E+00  0.0000E+00  0.0000E+00
  6.0000E+00  0.0000E+00  0.0000E+00  1.0000E+00  2.0000E+00  1.0000E+00  1.0887E+00 -1.0887E+00  0.0000E+00  1.0887E+00  0.0000E+00  0.0000E+00
  6.0000E+00  0.0000E+00  0.0000E+00  1.0000E+00  3.0000E+00  1.0000E+00  1.0887E+00 -1.0887E+00  0.0000E+00  1.0887E+00  0.0000E+00  0.0000E+00
  6.0000E+00  2.0000E+00  8.6144E-01  0.0000E+00  1.0000E+00  1.0000E+00  8.2858E-01  3.2860E-02  8.6144E-01  8.2858E-01  3.2860E-02  1.8893E-01
  6.0000E+00  2.0000E+00  1.2276E-01  0.0000E+00  2.0000E+00  1.0000E+00  3.4260E-02  8.8500E-02  1.2276E-01  3.4260E-02  8.8500E-02  5.0884E-01
  6.0000E+00  2.0000E+00  2.6256E-01  0.0000E+00  3.0000E+00  1.0000E+00  1.9007E-01  7.2489E-02  2.6256E-01  1.9007E-01  7.2489E-02  4.1678E-01
  6.0000E+00  5.0000E+00  7.6169E-01  0.0000E+00  1.0000E+00  1.0000E+00  5.4645E-01  2.1524E-01  7.6169E-01  5.4645E-01  2.1524E-01  1.2375E+00
  6.0000E+00  5.0000E+00  9.4595E-02  0.0000E+00  2.0000E+00  1.0000E+00  5.5928E-02  3.8668E-02  9.4595E-02  5.5928E-02  3.8668E-02  2.2232E-01
  6.0000E+00  5.0000E+00  2.8544E-01  0.0000E+00  3.0000E+00  1.0000E+00  3.1462E-01 -2.9190E-02  2.8544E-01  3.1462E-01 -2.9190E-02 -1.6783E-01
  6.0000E+00  1.0000E+01  4.4780E-01  0.0000E+00  1.0000E+00  1.0000E+00  2.6973E-01  1.7807E-01  4.4780E-01  2.6973E-01  1.7807E-01  1.0238E+00
  6.0000E+00  1.0000E+01  8.2742E-02  0.0000E+00  2.0000E+00  1.0000E+00  5.4691E-02  2.8051E-02  8.2742E-02  5.4691E-02  2.8051E-02  1.6128E-01
  6.0000E+00  1.0000E+01  2.7371E-01  0.0000E+00  3.0000E+00  1.0000E+00  3.1336E-01 -3.9650E-02  2.7371E-01  3.1336E-01 -3.9650E-02 -2.2797E-01
  6.0000E+00  1.5000E+01  2.0702E-01  0.0000E+00  1.0000E+00  1.0000E+00  1.3197E-01  7.5053E-02  2.0702E-01  1.3197E-01  7.5053E-02  4.3152E-01
  6.0000E+00  1.5000E+01  3.6878E-02  0.0000E+00  2.0000E+00  1.0000E+00  3.9933E-02 -3.0554E-03  3.6878E-02  3.9933E-02 -3.0554E-03 -1.7567E-02
  6.0000E+00  1.5000E+01  1.6792E-01  0.0000E+00  3.0000E+00  1.0000E+00  2.3203E-01 -6.4110E-02  1.6792E-01  2.3203E-01 -6.4110E-02 -3.6860E-01
  6.0000E+00  2.0000E+01  1.9260E-01  0.0000E+00  1.0000E+00  1.0000E+00  6.4281E-02  1.2832E-01  1.9260E-01  6.4281E-02  1.2832E-01  7.3776E-01
  6.0000E+00  2.0000E+01  3.6816E-02  0.0000E+00  2.0000E+00  1.0000E+00  2.5844E-02  1.0971E-02  3.6816E-02  2.5844E-02  1.0971E-02  6.3081E-02
  6.0000E+00  2.0000E+01  1.3813E-01  0.0000E+00  3.0000E+00  1.0000E+00  1.5185E-01 -1.3725E-02  1.3813E-01  1.5185E-01 -1.3725E-02 -7.8915E-02
  6.0000E+00  3.0000E+01  9.9141E-02  0.0000E+00  1.0000E+00  1.0000E+00  1.5167E-02  8.3974E-02  9.9141E-02  1.5167E-02  8.3974E-02  4.8281E-01
  6.0000E+00  3.0000E+01  2.4646E-02  0.0000E+00  2.0000E+00  1.0000E+00  9.0896E-03  1.5556E-02  2.4646E-02  9.0896E-03  1.5556E-02  8.9441E-02
  6.0000E+00  3.0000E+01  1.0749E-01  0.0000E+00  3.0000E+00  1.0000E+00  5.4349E-02  5.3138E-02  1.0749E-01  5.4349E-02  5.3138E-02  3.0552E-01
  6.0000E+00  4.5000E+01  2.2549E-02  0.0000E+00  1.0000E+00  1.0000E+00  1.7317E-03  2.0817E-02  2.2549E-02  1.7317E-03  2.0817E-02  1.1969E-01
  6.0000E+00  4.5000E+01  1.0228E-02  0.0000E+00  2.0000E+00  1.0000E+00  1.5393E-03  8.6889E-03  1.0228E-02  1.5393E-03  8.6889E-03  4.9957E-02
  6.0000E+00  4.5000E+01  5.3779E-02  0.0000E+00  3.0000E+00  1.0000E+00  9.3941E-03  4.4385E-02  5.3779E-02  9.3941E-03  4.4385E-02  2.5519E-01
  6.0000E+00  6.0000E+01  0.0000E+00  1.0000E+00  1.0000E+00  1.0000E+00  1.9757E-04 -1.9757E-04  0.0000E+00  1.9757E-04  0.0000E+00  0.0000E+00
  6.0000E+00  6.0000E+01  0.0000E+00  1.0000E+00  2.0000E+00  1.0000E+00  1.9757E-04 -1.9757E-04  0.0000E+00  1.9757E-04  0.0000E+00  0.0000E+00
  6.0000E+00  6.0000E+01  0.0000E+00  1.0000E+00  3.0000E+00  1.0000E+00  1.9757E-04 -1.9757E-04  0.0000E+00  1.9757E-04  0.0000E+00  0.0000E+00
  6.0000E+00  9.0000E+01  0.0000E+00  1.0000E+00  1.0000E+00  1.0000E+00  2.5712E-06 -2.5712E-06  0.0000E+00  2.5712E-06  0.0000E+00  0.0000E+00
  6.0000E+00  9.0000E+01  0.0000E+00  1.0000E+00  2.0000E+00  1.0000E+00  2.5712E-06 -2.5712E-06  0.0000E+00  2.5712E-06  0.0000E+00  0.0000E+00
  6.0000E+00  9.0000E+01  0.0000E+00  1.0000E+00  3.0000E+00  1.0000E+00  2.5712E-06 -2.5712E-06  0.0000E+00  2.5712E-06  0.0000E+00  0.0000E+00
  6.0000E+00  1.2000E+02  0.0000E+00  1.0000E+00  1.0000E+00  1.0000E+00  3.3462E-08 -3.3462E-08  0.0000E+00  3.3462E-08  0.0000E+00  0.0000E+00
  6.0000E+00  1.2000E+02  0.0000E+00  1.0000E+00  2.0000E+00  1.0000E+00  3.3462E-08 -3.3462E-08  0.0000E+00  3.3462E-08  0.0000E+00  0.0000E+00
  6.0000E+00  1.2000E+02  0.0000E+00  1.0000E+00  3.0000E+00  1.0000E+00  3.3462E-08 -3.3462E-08  0.0000E+00  3.3462E-08  0.0000E+00  0.0000E+00
  7.0000E+00  0.0000E+00  0.0000E+00  1.0000E+00  1.0000E+00  2.0000E+00  2.1775E+00 -2.1775E+00  0.0000E+00  2.1775E+00  0.0000E+00  0.0000E+00
  7.0000E+00  0.0000E+00  0.0000E+00  1.0000E+00  2.0000E+00  2.0000E+00  2.1775E+00 -2.1775E+00  0.0000E+00  2.1775E+00  0.0000E+00  0.0000E+00
  7.0000E+00  0.0000E+00  0.0000E+00  1.0000E+00  3.0000E+00  2.0000E+00  2.1775E+00 -2.1775E+00  0.0000E+00  2.1775E+00  0.0000E+00  0.0000E+00
  7.0000E+00  2.0000E+00  1.6538E+00  0.0000E+00  1.0000E+00  2.0000E+00  1.6817E+00 -2.7887E-02  1.6538E+00  1.6817E+00 -2.7887E-02 -1.6034E-01
  7.0000E+00  2.0000E+00  2.2056E-01  0.0000E+00  2.0000E+00  2.0000E+00  6.8760E-02  1.5180E-01  2.2056E-01  6.8760E-02  1.5180E-01  8.7276E-01
  7.0000E+00  2.0000E+00  5.0429E-01  0.0000E+00  3.0000E+00  2.0000E+00  3.5913E-01  1.4517E-01  5.0429E-01  3.5913E-01  1.4517E-01  8.3466E-01
  7.0000E+00  5.0000E+00  1.0393E+00  0.0000E+00  1.0000E+00  2.0000E+00  1.1281E+00 -8.8832E-02  1.0393E+00  1.1281E+00 -8.8832E-02 -5.1074E-01
  7.0000E+00  5.0000E+00  1.4859E-01  0.0000E+00  2.0000E+00  2.0000E+00  1.1342E-01  3.5170E-02  1.4859E-01  1.1342E-01  3.5170E-02  2.0221E-01
  7.0000E+00  5.0000E+00  4.8939E-01  0.0000E+00  3.0000E+00  2.0000E+00  6.0623E-01 -1.1684E-01  4.8939E-01  6.0623E-01 -1.1684E-01 -6.7180E-01
  7.0000E+00  1.0000E+01  5.4214E-01  0.0000E+00  1.0000E+00  2.0000E+00  5.6691E-01 -2.4775E-02  5.4214E-01  5.6691E-01 -2.4775E-02 -1.4245E-01
  7.0000E+00  1.0000E+01  1.0594E-01  0.0000E+00  2.0000E+00  2.0000E+00  1.1240E-01 -6.4552E-03  1.0594E-01  1.1240E-01 -6.4552E-03 -3.7115E-02
  7.0000E+00  1.0000E+01  4.2097E-01  0.0000E+00  3.0000E+00  2.0000E+00  6.1936E-01 -1.9839E-01  4.2097E-01  6.1936E-01 -1.9839E-01 -1.1407E+00
  7.0000E+00  1.5000E+01  3.0834E-01  0.0000E+00  1.0000E+00  2.0000E+00  2.8001E-01  2.8331E-02  3.0834E-01  2.8001E-01  2.8331E-02  1.6289E-01
  7.0000E+00  1.5000E+01  6.1397E-02  0.0000E+00  2.0000E+00  2.0000E+00  8.2832E-02 -2.1436E-02  6.1397E-02  8.2832E-02 -2.1436E-02 -1.2324E-01
  7.0000E+00  1.5000E+01  2.9162E-01  0.0000E+00  3.0000E+00  2.0000E+00  4.6695E-01 -1.7532E-01  2.9162E-01  4.6695E-01 -1.7532E-01 -1.0080E+00
  7.0000E+00  2.0000E+01  2.5996E-01  0.0000E+00  1.0000E+00  2.0000E+00  1.3704E-01  1.2292E-01  2.5996E-01  1.3704E-01  1.2292E-01  7.0671E-01
  7.0000E+00  2.0000E+01  6.6734E-02  0.0000E+00  2.0000E+00  2.0000E+00  5.3958E-02  1.2776E-02  6.6734E-02  5.3958E-02  1.2776E-02  7.3458E-02
  7.0000E+00  2.0000E+01  2.9025E-01  0.0000E+00  3.0000E+00  2.0000E+00  3.0949E-01 -1.9235E-02  2.9025E-01  3.0949E-01 -1.9235E-02 -1.1059E-01
  7.0000E+00  3.0000E+01  1.6512E-01  0.0000E+00  1.0000E+00  2.0000E+00  3.2451E-02  1.3267E-01  1.6512E-01  3.2451E-02  1.3267E-01  7.6278E-01
  7.0000E+00  3.0000E+01  4.0249E-02  0.0000E+00  2.0000E+00  2.0000E+00  1.9129E-02  2.1119E-02  4.0249E-02  1.9129E-02  2.1119E-02  1.2143E-01
  7.0000E+00  3.0000E+01  2.0065E-01  0.0000E+00  3.0000E+00  2.0000E+00  1.1249E-01  8.8152E-02  2.0065E-01  1.1249E-01  8.8152E-02  5.0683E-01
  7.0000E+00  4.5000E+01  6.3985E-02  0.0000E+00  1.0000E+00  2.0000E+00  3.7087E-03  6.0277E-02  6.3985E-02  3.7087E-03  6.0277E-02  3.4656E-01
  7.0000E+00  4.5000E+01  1.9749E-02  0.0000E+00  2.0000E+00  2.0000E+00  3.2589E-03  1.6490E-02  1.9749E-02  3.2589E-03  1.6490E-02  9.4808E-02
  7.0000E+00  4.5000E+01  1.0502E-01  0.0000E+00  3.0000E+00  2.0000E+00  1.9669E-02  8.5353E-02  1.0502E-01  1.9669E-02  8.5353E-02  4.9074E-01
  7.0000E+00  6.0000E+01  3.3635E-02  0.0000E+00  1.0000E+00  2.0000E+00  4.2317E-04  3.3212E-02  3.3635E-02  4.2317E-04  3.3212E-02  1.9095E-01
  7.0000E+00  6.0000E+01  1.2119E-02  0.0000E+00  2.0000E+00  2.0000E+00  4.9074E-04  1.1629E-02  1.2119E-02  4.9074E-04  1.1629E-02  6.6859E-02
  7.0000E+00  6.0000E+01  4.7485E-02  0.0000E+00  3.0000E+00  2.0000E+00  3.0230E-03  4.4462E-02  4.7485E-02  3.0230E-03  4.4462E-02  2.5564E-01
  7.0000E+00  9.0000E+01  8.0071E-03  0.0000E+00  1.0000E+00  2.0000E+00  5.5073E-06  8.0016E-03  8.0071E-03  5.5073E-06  8.0016E-03  4.6006E-02
  7.0000E+00  9.0000E+01  8.3804E-03  0.0000E+00  2.0000E+00  2.0000E+00  9.3352E-06  8.3710E-03  8.3804E-03  9.3352E-06  8.3710E-03  4.8130E-02
  7.0000E+00  9.0000E+01  1.6155E-02  0.0000E+00  3.0000E+00  2.0000E+00  5.9555E-05  1.6096E-02  1.6155E-02  5.9555E-05  1.6096E-02  9.2542E-02
  7.0000E+00  1.2000E+02  2.3918E-03  0.0000E+00  1.0000E+00  2.0000E+00  7.1671E-08  2.3918E-03  2.3918E-03  7.1671E-08  2.3918E-03  1.3752E-02
  7.0000E+00  1.2000E+02  4.2190E-03  0.0000E+00  2.0000E+00  2.0000E+00  1.5743E-07  4.2189E-03  4.2190E-03  1.5743E-07  4.2189E-03  2.4257E-02
  7.0000E+00  1.2000E+02  7.5381E-03  0.0000E+00  3.0000E+00  2.0000E+00  1.0369E-06  7.5371E-03  7.5381E-03  1.0369E-06  7.5371E-03  4.3335E-02
  8.0000E+00  0.0000E+00  0.0000E+00  1.0000E+00  1.0000E+00  2.0000E+00  2.1775E+00 -2.1775E+00  0.0000E+00  2.1775E+00  0.0000E+00  0.0000E+00
  8.0000E+00  0.0000E+00  0.0000E+00  1.0000E+00  2.0000E+00  2.0000E+00  2.1775E+00 -2.1775E+00  0.0000E+00  2.1775E+00  0.0000E+00  0.0000E+00
  8.0000E+00  0.0000E+00  0.0000E+00  1.0000E+00  3.0000E+00  2.0000E+00  2.1775E+00 -2.1775E+00  0.0000E+00  2.1775E+00  0.0000E+00  0.0000E+00
  8.0000E+00  2.0000E+00  1.3987E+00  0.0000E+00  1.0000E+00  2.0000E+00  1.6817E+00 -2.8303E-01  1.3987E+00  1.6817E+00 -2.8303E-01 -1.6273E+00
  8.0000E+00  2.0000E+00  1.7003E-01  0.0000E+00  2.0000E+00  2.0000E+00  6.8760E-02  1.0127E-01  1.7003E-01  6.8760E-02  1.0127E-01  5.8224E-01
  8.0000E+00  2.0000E+00  5.7573E-01  0.0000E+00  3.0000E+00  2.0000E+00  3.5913E-01  2.1660E-01  5.7573E-01  3.5913E-01  2.1660E-01  1.2454E+00
  8.0000E+00  5.0000E+00  1.1306E+00  0.0000E+00  1.0000E+00  2.0000E+00  1.1281E+00  2.5189E-03  1.1306E+00  1.1281E+00  2.5189E-03  1.4482E-02
  8.0000E+00  5.0000E+00  1.6524E-01  0.0000E+00  2.0000E+00  2.0000E+00  1.1342E-01  5.1819E-02  1.6524E-01  1.1342E-01  5.1819E-02  2.9794E-01
  8.0000E+00  5.0000E+00  6.3250E-01  0.0000E+00  3.0000E+00  2.0000E+00  6.0623E-01  2.6271E-02  6.3250E-01  6.0623E-01  2.6271E-02  1.5105E-01
  8.0000E+00  1.0000E+01  4.3431E-01  0.0000E+00  1.0000E+00  2.0000E+00  5.6691E-01 -1.3261E-01  4.3431E-01  5.6691E-01 -1.3261E-01 -7.6242E-01
  8.0000E+00  1.0000E+01  1.4448E-01  0.0000E+00  2.0000E+00  2.0000E+00  1.1240E-01  3.2085E-02  1.4448E-01  1.1240E-01  3.2085E-02  1.8447E-01
  8.0000E+00  1.0000E+01  7.0745E-01  0.0000E+00  3.0000E+00  2.0000E+00  6.1936E-01  8.8089E-02  7.0745E-01  6.1936E-01  8.8089E-02  5.0647E-01
  8.0000E+00  1.5000E+01  3.7995E-01  0.0000E+00  1.0000E+00  2.0000E+00  2.8001E-01  9.9946E-02  3.7995E-01  2.8001E-01  9.9946E-02  5.7464E-01
  8.0000E+00  1.5000E+01  9.0680E-02  0.0000E+00  2.0000E+00  2.0000E+00  8.2832E-02  7.8477E-03  9.0680E-02  8.2832E-02  7.8477E-03  4.5121E-02
  8.0000E+00  1.5000E+01  3.9538E-01  0.0000E+00  3.0000E+00  2.0000E+00  4.6695E-01 -7.1571E-02  3.9538E-01  4.6695E-01 -7.1571E-02 -4.1150E-01
  8.0000E+00  2.0000E+01  2.8875E-01  0.0000E+00  1.0000E+00  2.0000E+00  1.3704E-01  1.5170E-01  2.8875E-01  1.3704E-01  1.5170E-01  8.7223E-01
  8.0000E+00  2.0000E+01  9.2806E-02  0.0000E+00  2.0000E+00  2.0000E+00  5.3958E-02  3.8849E-02  9.2806E-02  5.3958E-02  3.8849E-02  2.2336E-01
  8.0000E+00  2.0000E+01  3.4735E-01  0.0000E+00  3.0000E+00  2.0000E+00  3.0949E-01  3.7868E-02  3.4735E-01  3.0949E-01  3.7868E-02  2.1772E-01
  8.0000E+00  3.0000E+01  1.2049E-01  0.0000E+00  1.0000E+00  2.0000E+00  3.2451E-02  8.8038E-02  1.2049E-01  3.2451E-02  8.8038E-02  5.0618E-01
  8.0000E+00  3.0000E+01  5.3929E-02  0.0000E+00  2.0000E+00  2.0000E+00  1.9129E-02  3.4800E-02  5.3929E-02  1.9129E-02  3.4800E-02  2.0008E-01
  8.0000E+00  3.0000E+01  2.3680E-01  0.0000E+00  3.0000E+00  2.0000E+00  1.1249E-01  1.2431E-01  2.3680E-01  1.1249E-01  1.2431E-01  7.1472E-01
  8.0000E+00  4.5000E+01  4.4634E-02  0.0000E+00  1.0000E+00  2.0000E+00  3.7087E-03  4.0925E-02  4.4634E-02  3.7087E-03  4.0925E-02  2.3530E-01
  8.0000E+00  4.5000E+01  2.6075E-02  0.0000E+00  2.0000E+00  2.0000E+00  3.2589E-03  2.2816E-02  2.6075E-02  3.2589E-03  2.2816E-02  1.3118E-01
  8.0000E+00  4.5000E+01  1.1091E-01  0.0000E+00  3.0000E+00  2.0000E+00  1.9669E-02  9.1245E-02  1.1091E-01  1.9669E-02  9.1245E-02  5.2462E-01
  8.0000E+00  6.0000E+01  2.5024E-02  0.0000E+00  1.0000E+00  2.0000E+00  4.2317E-04  2.4601E-02  2.5024E-02  4.2317E-04  2.4601E-02  1.4144E-01
  8.0000E+00  6.0000E+01  1.6076E-02  0.0000E+00  2.0000E+00  2.0000E+00  4.9074E-04  1.5585E-02  1.6076E-02  4.9074E-04  1.5585E-02  8.9608E-02
  8.0000E+00  6.0000E+01  6.3982E-02  0.0000E+00  3.0000E+00  2.0000E+00  3.0230E-03  6.0959E-02  6.3982E-02  3.0230E-03  6.0959E-02  3.5049E-01
  8.0000E+00  9.0000E+01  1.5093E-02  0.0000E+00  1.0000E+00  2.0000E+00  5.5073E-06  1.5087E-02  1.5093E-02  5.5073E-06  1.5087E-02  8.6746E-02
  8.0000E+00  9.0000E+01  9.5864E-03  0.0000E+00  2.0000E+00  2.0000E+00  9.3352E-06  9.5771E-03  9.5864E-03  9.3352E-06  9.5771E-03  5.5064E-02
  8.0000E+00  9.0000E+01  3.3657E-02  0.0000E+00  3.0000E+00  2.0000E+00  5.9555E-05  3.3598E-02  3.3657E-02  5.9555E-05  3.3598E-02  1.9317E-01
  8.0000E+00  1.2000E+02  4.3253E-03  0.0000E+00  1.0000E+00  2.0000E+00  7.1671E-08  4.3252E-03  4.3253E-03  7.1671E-08  4.3252E-03  2.4868E-02
  8.0000E+00  1.2000E+02  6.5767E-03  0.0000E+00  2.0000E+00  2.0000E+00  1.5743E-07  6.5765E-03  6.5767E-03  1.5743E-07  6.5765E-03  3.7812E-02
  8.0000E+00  1.2000E+02  9.3679E-03  0.0000E+00  3.0000E+00  2.0000E+00  1.0369E-06  9.3669E-03  9.3679E-03  1.0369E-06  9.3669E-03  5.3855E-02
  9.0000E+00  0.0000E+00  0.0000E+00  1.0000E+00  1.0000E+00  2.0000E+00  2.1775E+00 -2.1775E+00  0.0000E+00  2.1775E+00  0.0000E+00  0.0000E+00
  9.0000E+00  0.0000E+00  0.0000E+00  1.0000E+00  2.0000E+00  2.0000E+00  2.1775E+00 -2.1775E+00  0.0000E+00  2.1775E+00  0.0000E+00  0.0000E+00
  9.0000E+00  0.0000E+00  0.0000E+00  1.0000E+00  3.0000E+00  2.0000E+00  2.1775E+00 -2.1775E+00  0.0000E+00  2.1775E+00  0.0000E+00  0.0000E+00
  9.0000E+00  2.0000E+00  1.9669E+00  0.0000E+00  1.0000E+00  2.0000E+00  1.6817E+00  2.8514E-01  1.9669E+00  1.6817E+00  2.8514E-01  1.6394E+00
  9.0000E+00  2.0000E+00  2.1916E-01  0.0000E+00  2.0000E+00  2.0000E+00  6.8760E-02  1.5040E-01  2.1916E-01  6.8760E-02  1.5040E-01  8.6475E-01
  9.0000E+00  2.0000E+00  6.3538E-01  0.0000E+00  3.0000E+00  2.0000E+00  3.5913E-01  2.7625E-01  6.3538E-01  3.5913E-01  2.7625E-01  1.5883E+00
  9.0000E+00  5.0000E+00  1.3074E+00  0.0000E+00  1.0000E+00  2.0000E+00  1.1281E+00  1.7930E-01  1.3074E+00  1.1281E+00  1.7930E-01  1.0309E+00
  9.0000E+00  5.0000E+00  1.6775E-01  0.0000E+00  2.0000E+00  2.0000E+00  1.1342E-01  5.4326E-02  1.6775E-01  1.1342E-01  5.4326E-02  3.1235E-01
  9.0000E+00  5.0000E+00  6.0942E-01  0.0000E+00  3.0000E+00  2.0000E+00  6.0623E-01  3.1901E-03  6.0942E-01  6.0623E-01  3.1901E-03  1.8342E-02
  9.0000E+00  1.0000E+01  4.6867E-01  0.0000E+00  1.0000E+00  2.0000E+00  5.6691E-01 -9.8245E-02  4.6867E-01  5.6691E-01 -9.8245E-02 -5.6487E-01
  9.0000E+00  1.0000E+01  1.4338E-01  0.0000E+00  2.0000E+00  2.0000E+00  1.1240E-01  3.0986E-02  1.4338E-01  1.1240E-01  3.0986E-02  1.7815E-01
  9.0000E+00  1.0000E+01  6.4427E-01  0.0000E+00  3.0000E+00  2.0000E+00  6.1936E-01  2.4910E-02  6.4427E-01  6.1936E-01  2.4910E-02  1.4322E-01
  9.0000E+00  1.5000E+01  3.8684E-01  0.0000E+00  1.0000E+00  2.0000E+00  2.8001E-01  1.0683E-01  3.8684E-01  2.8001E-01  1.0683E-01  6.1422E-01
  9.0000E+00  1.5000E+01  9.4490E-02  0.0000E+00  2.0000E+00  2.0000E+00  8.2832E-02  1.1658E-02  9.4490E-02  8.2832E-02  1.1658E-02  6.7027E-02
  9.0000E+00  1.5000E+01  4.0760E-01  0.0000E+00  3.0000E+00  2.0000E+00  4.6695E-01 -5.9344E-02  4.0760E-01  4.6695E-01 -5.9344E-02 -3.4120E-01
  9.0000E+00  2.0000E+01  2.5985E-01  0.0000E+00  1.0000E+00  2.0000E+00  1.3704E-01  1.2281E-01  2.5985E-01  1.3704E-01  1.2281E-01  7.0608E-01
  9.0000E+00  2.0000E+01  8.4327E-02  0.0000E+00  2.0000E+00  2.0000E+00  5.3958E-02  3.0369E-02  8.4327E-02  5.3958E-02  3.0369E-02  1.7461E-01
  9.0000E+00  2.0000E+01  3.7647E-01  0.0000E+00  3.0000E+00  2.0000E+00  3.0949E-01  6.6982E-02  3.7647E-01  3.0949E-01  6.6982E-02  3.8512E-01
  9.0000E+00  3.0000E+01  1.9929E-01  0.0000E+00  1.0000E+00  2.0000E+00  3.2451E-02  1.6684E-01  1.9929E-01  3.2451E-02  1.6684E-01  9.5927E-01
  9.0000E+00  3.0000E+01  5.0445E-02  0.0000E+00  2.0000E+00  2.0000E+00  1.9129E-02  3.1315E-02  5.0445E-02  1.9129E-02  3.1315E-02  1.8005E-01
  9.0000E+00  3.0000E+01  2.4043E-01  0.0000E+00  3.0000E+00  2.0000E+00  1.1249E-01  1.2793E-01  2.4043E-01  1.1249E-01  1.2793E-01  7.3555E-01
  9.0000E+00  4.5000E+01  0.0000E+00  1.0000E+00  1.0000E+00  2.0000E+00  3.7087E-03 -3.7087E-03  0.0000E+00  3.7087E-03  0.0000E+00  0.0000E+00
  9.0000E+00  4.5000E+01  0.0000E+00  1.0000E+00  2.0000E+00  2.0000E+00  3.7087E-03 -3.7087E-03  0.0000E+00  3.7087E-03  0.0000E+00  0.0000E+00
  9.0000E+00  4.5000E+01  0.0000E+00  1.0000E+00  3.0000E+00  2.0000E+00  3.7087E-03 -3.7087E-03  0.0000E+00  3.7087E-03  0.0000E+00  0.0000E+00
  9.0000E+00  6.0000E+01  2.8335E-02  0.0000E+00  1.0000E+00  2.0000E+00  4.2317E-04  2.7912E-02  2.8335E-02  4.2317E-04  2.7912E-02  1.6048E-01
  9.0000E+00  6.0000E+01  1.5050E-02  0.0000E+00  2.0000E+00  2.0000E+00  4.9074E-04  1.4560E-02  1.5050E-02  4.9074E-04  1.4560E-02  8.3711E-02
  9.0000E+00  6.0000E+01  5.6215E-02  0.0000E+00  3.0000E+00  2.0000E+00  3.0230E-03  5.3192E-02  5.6215E-02  3.0230E-03  5.3192E-02  3.0583E-01
  9.0000E+00  9.0000E+01  0.0000E+00  1.0000E+00  1.0000E+00  2.0000E+00  5.5073E-06 -5.5073E-06  0.0000E+00  5.5073E-06  0.0000E+00  0.0000E+00
  9.0000E+00  9.0000E+01  2.1180E-02  0.0000E+00  2.0000E+00  2.0000E+00  9.3352E-06  2.1171E-02  2.1180E-02  9.3352E-06  2.1171E-02  1.2172E-01
  9.0000E+00  9.0000E+01  2.8069E-02  0.0000E+00  3.0000E+00  2.0000E+00  5.9555E-05  2.8009E-02  2.8069E-02  5.9555E-05  2.8009E-02  1.6104E-01
  9.0000E+00  1.2000E+02  2.3972E-03  0.0000E+00  1.0000E+00  2.0000E+00  7.1671E-08  2.3971E-03  2.3972E-03  7.1671E-08  2.3971E-03  1.3782E-02
  9.0000E+00  1.2000E+02  1.4148E-02  0.0000E+00  2.0000E+00  2.0000E+00  1.5743E-07  1.4148E-02  1.4148E-02  1.5743E-07  1.4148E-02  8.1343E-02
  9.0000E+00  1.2000E+02  7.0109E-03  0.0000E+00  3.0000E+00  2.0000E+00  1.0369E-06  7.0099E-03  7.0109E-03  1.0369E-06  7.0099E-03  4.0303E-02
  1.0000E+01  0.0000E+00  0.0000E+00  1.0000E+00  1.0000E+00  2.0000E+00  2.1775E+00 -2.1775E+00  0.0000E+00  2.1775E+00  0.0000E+00  0.0000E+00
  1.0000E+01  0.0000E+00  0.0000E+00  1.0000E+00  2.0000E+00  2.0000E+00  2.1775E+00 -2.1775E+00  0.0000E+00  2.1775E+00  0.0000E+00  0.0000E+00
  1.0000E+01  0.0000E+00  0.0000E+00  1.0000E+00  3.0000E+00  2.0000E+00  2.1775E+00 -2.1775E+00  0.0000E+00  2.1775E+00  0.0000E+00  0.0000E+00
  1.0000E+01  2.0000E+00  1.2249E+00  0.0000E+00  1.0000E+00  2.0000E+00  1.6817E+00 -4.5680E-01  1.2249E+00  1.6817E+00 -4.5680E-01 -2.6264E+00
  1.0000E+01  2.0000E+00  2.1278E-01  0.0000E+00  2.0000E+00  2.0000E+00  6.8760E-02  1.4402E-01  2.1278E-01  6.8760E-02  1.4402E-01  8.2807E-01
  1.0000E+01  2.0000E+00  4.5952E-01  0.0000E+00  3.0000E+00  2.0000E+00  3.5913E-01  1.0040E-01  4.5952E-01  3.5913E-01  1.0040E-01  5.7724E-01
  1.0000E+01  5.0000E+00  1.0414E+00  0.0000E+00  1.0000E+00  2.0000E+00  1.1281E+00 -8.6690E-02  1.0414E+00  1.1281E+00 -8.6690E-02 -4.9843E-01
  1.0000E+01  5.0000E+00  1.7740E-01  0.0000E+00  2.0000E+00  2.0000E+00  1.1342E-01  6.3978E-02  1.7740E-01  1.1342E-01  6.3978E-02  3.6784E-01
  1.0000E+01  5.0000E+00  5.6877E-01  0.0000E+00  3.0000E+00  2.0000E+00  6.0623E-01 -3.7463E-02  5.6877E-01  6.0623E-01 -3.7463E-02 -2.1540E-01
  1.0000E+01  1.0000E+01  5.3290E-01  0.0000E+00  1.0000E+00  2.0000E+00  5.6691E-01 -3.4007E-02  5.3290E-01  5.6691E-01 -3.4007E-02 -1.9552E-01
  1.0000E+01  1.0000E+01  1.3067E-01  0.0000E+00  2.0000E+00  2.0000E+00  1.1240E-01  1.8270E-02  1.3067E-01  1.1240E-01  1.8270E-02  1.0505E-01
  1.0000E+01  1.0000E+01  4.3700E-01  0.0000E+00  3.0000E+00  2.0000E+00  6.1936E-01 -1.8236E-01  4.3700E-01  6.1936E-01 -1.8236E-01 -1.0485E+00
  1.0000E+01  1.5000E+01  3.5149E-01  0.0000E+00  1.0000E+00  2.0000E+00  2.8001E-01  7.1481E-02  3.5149E-01  2.8001E-01  7.1481E-02  4.1098E-01
  1.0000E+01  1.5000E+01  8.9212E-02  0.0000E+00  2.0000E+00  2.0000E+00  8.2832E-02  6.3802E-03  8.9212E-02  8.2832E-02  6.3802E-03  3.6683E-02
  1.0000E+01  1.5000E+01  3.3382E-01  0.0000E+00  3.0000E+00  2.0000E+00  4.6695E-01 -1.3313E-01  3.3382E-01  4.6695E-01 -1.3313E-01 -7.6542E-01
  1.0000E+01  2.0000E+01  2.3222E-01  0.0000E+00  1.0000E+00  2.0000E+00  1.3704E-01  9.5176E-02  2.3222E-01  1.3704E-01  9.5176E-02  5.4722E-01
  1.0000E+01  2.0000E+01  8.7086E-02  0.0000E+00  2.0000E+00  2.0000E+00  5.3958E-02  3.3129E-02  8.7086E-02  5.3958E-02  3.3129E-02  1.9048E-01
  1.0000E+01  2.0000E+01  3.4320E-01  0.0000E+00  3.0000E+00  2.0000E+00  3.0949E-01  3.3710E-02  3.4320E-01  3.0949E-01  3.3710E-02  1.9382E-01
  1.0000E+01  3.0000E+01  1.2559E-01  0.0000E+00  1.0000E+00  2.0000E+00  3.2451E-02  9.3142E-02  1.2559E-01  3.2451E-02  9.3142E-02  5.3552E-01
  1.0000E+01  3.0000E+01  6.4835E-02  0.0000E+00  2.0000E+00  2.0000E+00  1.9129E-02  4.5706E-02  6.4835E-02  1.9129E-02  4.5706E-02  2.6279E-01
  1.0000E+01  3.0000E+01  2.4018E-01  0.0000E+00  3.0000E+00  2.0000E+00  1.1249E-01  1.2769E-01  2.4018E-01  1.1249E-01  1.2769E-01  7.3413E-01
  1.0000E+01  4.5000E+01  5.0930E-02  0.0000E+00  1.0000E+00  2.0000E+00  3.7087E-03  4.7221E-02  5.0930E-02  3.7087E-03  4.7221E-02  2.7150E-01
  1.0000E+01  4.5000E+01  2.2871E-02  0.0000E+00  2.0000E+00  2.0000E+00  3.2589E-03  1.9612E-02  2.2871E-02  3.2589E-03  1.9612E-02  1.1276E-01
  1.0000E+01  4.5000E+01  8.7548E-02  0.0000E+00  3.0000E+00  2.0000E+00  1.9669E-02  6.7879E-02  8.7548E-02  1.9669E-02  6.7879E-02  3.9027E-01
  1.0000E+01  6.0000E+01  2.4198E-02  0.0000E+00  1.0000E+00  2.0000E+00  4.2317E-04  2.3775E-02  2.4198E-02  4.2317E-04  2.3775E-02  1.3669E-01
  1.0000E+01  6.0000E+01  1.3338E-02  0.0000E+00  2.0000E+00  2.0000E+00  4.9074E-04  1.2847E-02  1.3338E-02  4.9074E-04  1.2847E-02  7.3864E-02
  1.0000E+01  6.0000E+01  5.4574E-02  0.0000E+00  3.0000E+00  2.0000E+00  3.0230E-03  5.1551E-02  5.4574E-02  3.0230E-03  5.1551E-02  2.9640E-01
  1.0000E+01  9.0000E+01  1.1054E-02  0.0000E+00  1.0000E+00  2.0000E+00  5.5073E-06  1.1049E-02  1.1054E-02  5.5073E-06  1.1049E-02  6.3526E-02
  1.0000E+01  9.0000E+01  6.4459E-03  0.0000E+00  2.0000E+00  2.0000E+00  9.3352E-06  6.4365E-03  6.4459E-03  9.3352E-06  6.4365E-03  3.7007E-02
  1.0000E+01  9.0000E+01  1.7090E-02  0.0000E+00  3.0000E+00  2.0000E+00  5.9555E-05  1.7030E-02  1.7090E-02  5.9555E-05  1.7030E-02  9.7917E-02
  1.0000E+01  1.2000E+02  0.0000E+00  1.0000E+00  1.0000E+00  2.0000E+00  7.1671E-08 -7.1671E-08  0.0000E+00  7.1671E-08  0.0000E+00  0.0000E+00
  1.0000E+01  1.2000E+02  0.0000E+00  1.0000E+00  2.0000E+00  2.0000E+00  7.1671E-08 -7.1671E-08  0.0000E+00  7.1671E-08  0.0000E+00  0.0000E+00
  1.0000E+01  1.2000E+02  0.0000E+00  1.0000E+00  3.0000E+00  2.0000E+00  7.1671E-08 -7.1671E-08  0.0000E+00  7.1671E-08  0.0000E+00  0.0000E+00
  1.1000E+01  0.0000E+00  0.0000E+00  1.0000E+00  1.0000E+00  2.0000E+00  2.1775E+00 -2.1775E+00  0.0000E+00  2.1775E+00  0.0000E+00  0.0000E+00
  1.1000E+01  0.0000E+00  0.0000E+00  1.0000E+00  2.0000E+00  2.0000E+00  2.1775E+00 -2.1775E+00  0.0000E+00  2.1775E+00  0.0000E+00  0.0000E+00
  1.1000E+01  0.0000E+00  0.0000E+00  1.0000E+00  3.0000E+00  2.0000E+00  2.1775E+00 -2.1775E+00  0.0000E+00  2.1775E+00  0.0000E+00  0.0000E+00
  1.1000E+01  2.0000E+00  1.0038E+00  0.0000E+00  1.0000E+00  2.0000E+00  1.6817E+00 -6.7790E-01  1.0038E+00  1.6817E+00 -6.7790E-01 -3.8976E+00
  1.1000E+01  2.0000E+00  1.1878E-01  0.0000E+00  2.0000E+00  2.0000E+00  6.8760E-02  5.0021E-02  1.1878E-01  6.8760E-02  5.0021E-02  2.8760E-01
  1.1000E+01  2.0000E+00  5.1009E-01  0.0000E+00  3.0000E+00  2.0000E+00  3.5913E-01  1.5096E-01  5.1009E-01  3.5913E-01  1.5096E-01  8.6795E-01
  1.1000E+01  5.0000E+00  6.3303E-01  0.0000E+00  1.0000E+00  2.0000E+00  1.1281E+00 -4.9507E-01  6.3303E-01  1.1281E+00 -4.9507E-01 -2.8464E+00
  1.1000E+01  5.0000E+00  8.8295E-02  0.0000E+00  2.0000E+00  2.0000E+00  1.1342E-01 -2.5128E-02  8.8295E-02  1.1342E-01 -2.5128E-02 -1.4448E-01
  1.1000E+01  5.0000E+00  5.5544E-01  0.0000E+00  3.0000E+00  2.0000E+00  6.0623E-01 -5.0791E-02  5.5544E-01  6.0623E-01 -5.0791E-02 -2.9202E-01
  1.1000E+01  1.0000E+01  5.0771E-01  0.0000E+00  1.0000E+00  2.0000E+00  5.6691E-01 -5.9201E-02  5.0771E-01  5.6691E-01 -5.9201E-02 -3.4038E-01
  1.1000E+01  1.0000E+01  1.0341E-01  0.0000E+00  2.0000E+00  2.0000E+00  1.1240E-01 -8.9887E-03  1.0341E-01  1.1240E-01 -8.9887E-03 -5.1681E-02
  1.1000E+01  1.0000E+01  4.8240E-01  0.0000E+00  3.0000E+00  2.0000E+00  6.1936E-01 -1.3696E-01  4.8240E-01  6.1936E-01 -1.3696E-01 -7.8747E-01
  1.1000E+01  1.5000E+01  3.6357E-01  0.0000E+00  1.0000E+00  2.0000E+00  2.8001E-01  8.3560E-02  3.6357E-01  2.8001E-01  8.3560E-02  4.8043E-01
  1.1000E+01  1.5000E+01  5.8470E-02  0.0000E+00  2.0000E+00  2.0000E+00  8.2832E-02 -2.4362E-02  5.8470E-02  8.2832E-02 -2.4362E-02 -1.4007E-01
  1.1000E+01  1.5000E+01  3.0140E-01  0.0000E+00  3.0000E+00  2.0000E+00  4.6695E-01 -1.6555E-01  3.0140E-01  4.6695E-01 -1.6555E-01 -9.5183E-01
  1.1000E+01  2.0000E+01  2.3682E-01  0.0000E+00  1.0000E+00  2.0000E+00  1.3704E-01  9.9778E-02  2.3682E-01  1.3704E-01  9.9778E-02  5.7368E-01
  1.1000E+01  2.0000E+01  7.9173E-02  0.0000E+00  2.0000E+00  2.0000E+00  5.3958E-02  2.5215E-02  7.9173E-02  5.3958E-02  2.5215E-02  1.4498E-01
  1.1000E+01  2.0000E+01  3.7137E-01  0.0000E+00  3.0000E+00  2.0000E+00  3.0949E-01  6.1884E-02  3.7137E-01  3.0949E-01  6.1884E-02  3.5581E-01
  1.1000E+01  3.0000E+01  1.2882E-01  0.0000E+00  1.0000E+00  2.0000E+00  3.2451E-02  9.6371E-02  1.2882E-01  3.2451E-02  9.6371E-02  5.5409E-01
  1.1000E+01  3.0000E+01  3.6838E-02  0.0000E+00  2.0000E+00  2.0000E+00  1.9129E-02  1.7709E-02  3.6838E-02  1.9129E-02  1.7709E-02  1.0182E-01
  1.1000E+01  3.0000E+01  2.1311E-01  0.0000E+00  3.0000E+00  2.0000E+00  1.1249E-01  1.0062E-01  2.1311E-01  1.1249E-01  1.0062E-01  5.7851E-01
  1.1000E+01  4.5000E+01  4.7880E-02  0.0000E+00  1.0000E+00  2.0000E+00  3.7087E-03  4.4171E-02  4.7880E-02  3.7087E-03  4.4171E-02  2.5397E-01
  1.1000E+01  4.5000E+01  2.1183E-02  0.0000E+00  2.0000E+00  2.0000E+00  3.2589E-03  1.7924E-02  2.1183E-02  3.2589E-03  1.7924E-02  1.0305E-01
  1.1000E+01  4.5000E+01  1.1896E-01  0.0000E+00  3.0000E+00  2.0000E+00  1.9669E-02  9.9288E-02  1.1896E-01  1.9669E-02  9.9288E-02  5.7086E-01
  1.1000E+01  6.0000E+01  2.3554E-02  0.0000E+00  1.0000E+00  2.0000E+00  4.2317E-04  2.3131E-02  2.3554E-02  4.2317E-04  2.3131E-02  1.3299E-01
  1.1000E+01  6.0000E+01  1.1155E-02  0.0000E+00  2.0000E+00  2.0000E+00  4.9074E-04  1.0664E-02  1.1155E-02  4.9074E-04  1.0664E-02  6.1314E-02
  1.1000E+01  6.0000E+01  6.4706E-02  0.0000E+00  3.0000E+00  2.0000E+00  3.0230E-03  6.1683E-02  6.4706E-02  3.0230E-03  6.1683E-02  3.5465E-01
  1.1000E+01  9.0000E+01  1.2797E-02  0.0000E+00  1.0000E+00  2.0000E+00  5.5073E-06  1.2792E-02  1.2797E-02  5.5073E-06  1.2792E-02  7.3548E-02
  1.1000E+01  9.0000E+01  6.0114E-03  0.0000E+00  2.0000E+00  2.0000E+00  9.3352E-06  6.0021E-03  6.0114E-03  9.3352E-06  6.0021E-03  3.4509E-02
  1.1000E+01  9.0000E+01  2.2397E-02  0.0000E+00  3.0000E+00  2.0000E+00  5.9555E-05  2.2338E-02  2.2397E-02  5.9555E-05  2.2338E-02  1.2843E-01
  1.1000E+01  1.2000E+02  2.4053E-03  0.0000E+00  1.0000E+00  2.0000E+00  7.1671E-08  2.4053E-03  2.4053E-03  7.1671E-08  2.4053E-03  1.3829E-02
  1.1000E+01  1.2000E+02  2.8506E-03  0.0000E+00  2.0000E+00  2.0000E+00  1.5743E-07  2.8505E-03  2.8506E-03  1.5743E-07  2.8505E-03  1.6389E-02
  1.1000E+01  1.2000E+02  8.1591E-03  0.0000E+00  3.0000E+00  2.0000E+00  1.0369E-06  8.1580E-03  8.1591E-03  1.0369E-06  8.1580E-03  4.6905E-02
  1.2000E+01  0.0000E+00  0.0000E+00  1.0000E+00  1.0000E+00  2.0000E+00  2.1775E+00 -2.1775E+00  0.0000E+00  2.1775E+00  0.0000E+00  0.0000E+00
  1.2000E+01  0.0000E+00  0.0000E+00  1.0000E+00  2.0000E+00  2.0000E+00  2.1775E+00 -2.1775E+00  0.0000E+00  2.1775E+00  0.0000E+00  0.0000E+00
  1.2000E+01  0.0000E+00  0.0000E+00  1.0000E+00  3.0000E+00  2.0000E+00  2.1775E+00 -2.1775E+00  0.0000E+00  2.1775E+00  0.0000E+00  0.0000E+00
  1.2000E+01  2.0000E+00  1.4707E+00  0.0000E+00  1.0000E+00  2.0000E+00  1.6817E+00 -2.1101E-01  1.4707E+00  1.6817E+00 -2.1101E-01 -1.2132E+00
  1.2000E+01  2.0000E+00  1.3525E-01  0.0000E+00  2.0000E+00  2.0000E+00  6.8760E-02  6.6490E-02  1.3525E-01  6.8760E-02  6.6490E-02  3.8229E-01
  1.2000E+01  2.0000E+00  2.5100E-01  0.0000E+00  3.0000E+00  2.0000E+00  3.5913E-01 -1.0812E-01  2.5100E-01  3.5913E-01 -1.0812E-01 -6.2165E-01
  1.2000E+01  5.0000E+00  9.7574E-01  0.0000E+00  1.0000E+00  2.0000E+00  1.1281E+00 -1.5235E-01  9.7574E-01  1.1281E+00 -1.5235E-01 -8.7595E-01
  1.2000E+01  5.0000E+00  1.1392E-01  0.0000E+00  2.0000E+00  2.0000E+00  1.1342E-01  4.9886E-04  1.1392E-01  1.1342E-01  4.9886E-04  2.8682E-03
  1.2000E+01  5.0000E+00  3.9557E-01  0.0000E+00  3.0000E+00  2.0000E+00  6.0623E-01 -2.1066E-01  3.9557E-01  6.0623E-01 -2.1066E-01 -1.2112E+00
  1.2000E+01  1.0000E+01  5.4332E-01  0.0000E+00  1.0000E+00  2.0000E+00  5.6691E-01 -2.3587E-02  5.4332E-01  5.6691E-01 -2.3587E-02 -1.3561E-01
  1.2000E+01  1.0000E+01  8.9643E-02  0.0000E+00  2.0000E+00  2.0000E+00  1.1240E-01 -2.2753E-02  8.9643E-02  1.1240E-01 -2.2753E-02 -1.3082E-01
  1.2000E+01  1.0000E+01  3.3073E-01  0.0000E+00  3.0000E+00  2.0000E+00  6.1936E-01 -2.8863E-01  3.3073E-01  6.1936E-01 -2.8863E-01 -1.6595E+00
  1.2000E+01  1.5000E+01  3.3943E-01  0.0000E+00  1.0000E+00  2.0000E+00  2.8001E-01  5.9420E-02  3.3943E-01  2.8001E-01  5.9420E-02  3.4164E-01
  1.2000E+01  1.5000E+01  5.6449E-02  0.0000E+00  2.0000E+00  2.0000E+00  8.2832E-02 -2.6383E-02  5.6449E-02  8.2832E-02 -2.6383E-02 -1.5169E-01
  1.2000E+01  1.5000E+01  2.5135E-01  0.0000E+00  3.0000E+00  2.0000E+00  4.6695E-01 -2.1560E-01  2.5135E-01  4.6695E-01 -2.1560E-01 -1.2396E+00
  1.2000E+01  2.0000E+01  1.7378E-01  0.0000E+00  1.0000E+00  2.0000E+00  1.3704E-01  3.6733E-02  1.7378E-01  1.3704E-01  3.6733E-02  2.1120E-01
  1.2000E+01  2.0000E+01  5.2962E-02  0.0000E+00  2.0000E+00  2.0000E+00  5.3958E-02 -9.9605E-04  5.2962E-02  5.3958E-02 -9.9605E-04 -5.7268E-03
  1.2000E+01  2.0000E+01  2.1948E-01  0.0000E+00  3.0000E+00  2.0000E+00  3.0949E-01 -9.0001E-02  2.1948E-01  3.0949E-01 -9.0001E-02 -5.1746E-01
  1.2000E+01  3.0000E+01  9.4495E-02  0.0000E+00  1.0000E+00  2.0000E+00  3.2451E-02  6.2044E-02  9.4495E-02  3.2451E-02  6.2044E-02  3.5673E-01
  1.2000E+01  3.0000E+01  3.2102E-02  0.0000E+00  2.0000E+00  2.0000E+00  1.9129E-02  1.2972E-02  3.2102E-02  1.9129E-02  1.2972E-02  7.4585E-02
  1.2000E+01  3.0000E+01  1.7671E-01  0.0000E+00  3.0000E+00  2.0000E+00  1.1249E-01  6.4215E-02  1.7671E-01  1.1249E-01  6.4215E-02  3.6921E-01
  1.2000E+01  4.5000E+01  6.5613E-02  0.0000E+00  1.0000E+00  2.0000E+00  3.7087E-03  6.1904E-02  6.5613E-02  3.7087E-03  6.1904E-02  3.5592E-01
  1.2000E+01  4.5000E+01  1.8465E-02  0.0000E+00  2.0000E+00  2.0000E+00  3.2589E-03  1.5206E-02  1.8465E-02  3.2589E-03  1.5206E-02  8.7429E-02
  1.2000E+01  4.5000E+01  8.3030E-02  0.0000E+00  3.0000E+00  2.0000E+00  1.9669E-02  6.3362E-02  8.3030E-02  1.9669E-02  6.3362E-02  3.6430E-01
  1.2000E+01  6.0000E+01  2.5578E-02  0.0000E+00  1.0000E+00  2.0000E+00  4.2317E-04  2.5154E-02  2.5578E-02  4.2317E-04  2.5154E-02  1.4463E-01
  1.2000E+01  6.0000E+01  1.0684E-02  0.0000E+00  2.0000E+00  2.0000E+00  4.9074E-04  1.0193E-02  1.0684E-02  4.9074E-04  1.0193E-02  5.8604E-02
  1.2000E+01  6.0000E+01  4.7306E-02  0.0000E+00  3.0000E+00  2.0000E+00  3.0230E-03  4.4283E-02  4.7306E-02  3.0230E-03  4.4283E-02  2.5460E-01
  1.2000E+01  9.0000E+01  1.0529E-02  0.0000E+00  1.0000E+00  2.0000E+00  5.5073E-06  1.0523E-02  1.0529E-02  5.5073E-06  1.0523E-02  6.0504E-02
  1.2000E+01  9.0000E+01  8.8462E-03  0.0000E+00  2.0000E+00  2.0000E+00  9.3352E-06  8.8369E-03  8.8462E-03  9.3352E-06  8.8369E-03  5.0808E-02
  1.2000E+01  9.0000E+01  1.9697E-02  0.0000E+00  3.0000E+00  2.0000E+00  5.9555E-05  1.9637E-02  1.9697E-02  5.9555E-05  1.9637E-02  1.1291E-01
  1.2000E+01  1.2000E+02  4.7941E-03  0.0000E+00  1.0000E+00  2.0000E+00  7.1671E-08  4.7940E-03  4.7941E-03  7.1671E-08  4.7940E-03  2.7563E-02
  1.2000E+01  1.2000E+02  4.4284E-03  0.0000E+00  2.0000E+00  2.0000E+00  1.5743E-07  4.4282E-03  4.4284E-03  1.5743E-07  4.4282E-03  2.5460E-02
  1.2000E+01  1.2000E+02  8.2189E-03  0.0000E+00  3.0000E+00  2.0000E+00  1.0369E-06  8.2179E-03  8.2189E-03  1.0369E-06  8.2179E-03  4.7249E-02
  1.3000E+01  0.0000E+00  0.0000E+00  1.0000E+00  1.0000E+00  3.0000E+00  5.4434E+00 -5.4434E+00  0.0000E+00  5.4434E+00  0.0000E+00  0.0000E+00
  1.3000E+01  0.0000E+00  0.0000E+00  1.0000E+00  2.0000E+00  3.0000E+00  5.4434E+00 -5.4434E+00  0.0000E+00  5.4434E+00  0.0000E+00  0.0000E+00
  1.3000E+01  0.0000E+00  0.0000E+00  1.0000E+00  3.0000E+00  3.0000E+00  5.4434E+00 -5.4434E+00  0.0000E+00  5.4434E+00  0.0000E+00  0.0000E+00
  1.3000E+01  2.0000E+00  5.2896E+00  0.0000E+00  1.0000E+00  3.0000E+00  4.3554E+00  9.3428E-01  5.2896E+00  4.3554E+00  9.3428E-01  5.3717E+00
  1.3000E+01  2.0000E+00  4.0814E-01  0.0000E+00  2.0000E+00  3.0000E+00  1.7283E-01  2.3531E-01  4.0814E-01  1.7283E-01  2.3531E-01  1.3529E+00
  1.3000E+01  2.0000E+00  1.4602E+00  0.0000E+00  3.0000E+00  3.0000E+00  7.6740E-01  6.9282E-01  1.4602E+00  7.6740E-01  6.9282E-01  3.9834E+00
  1.3000E+01  5.0000E+00  2.1868E+00  0.0000E+00  1.0000E+00  3.0000E+00  3.0568E+00 -8.7007E-01  2.1868E+00  3.0568E+00 -8.7007E-01 -5.0025E+00
  1.3000E+01  5.0000E+00  1.8985E-01  0.0000E+00  2.0000E+00  3.0000E+00  2.9288E-01 -1.0303E-01  1.8985E-01  2.9288E-01 -1.0303E-01 -5.9235E-01
  1.3000E+01  5.0000E+00  1.3733E+00  0.0000E+00  3.0000E+00  3.0000E+00  1.3568E+00  1.6442E-02  1.3733E+00  1.3568E+00  1.6442E-02  9.4532E-02
  1.3000E+01  1.0000E+01  1.6590E+00  0.0000E+00  1.0000E+00  3.0000E+00  1.6216E+00  3.7363E-02  1.6590E+00  1.6216E+00  3.7363E-02  2.1482E-01
  1.3000E+01  1.0000E+01  2.3707E-01  0.0000E+00  2.0000E+00  3.0000E+00  3.0132E-01 -6.4251E-02  2.3707E-01  3.0132E-01 -6.4251E-02 -3.6941E-01
  1.3000E+01  1.0000E+01  1.3221E+00  0.0000E+00  3.0000E+00  3.0000E+00  1.4834E+00 -1.6126E-01  1.3221E+00  1.4834E+00 -1.6126E-01 -9.2719E-01
  1.3000E+01  1.5000E+01  1.0399E+00  0.0000E+00  1.0000E+00  3.0000E+00  8.2692E-01  2.1298E-01  1.0399E+00  8.2692E-01  2.1298E-01  1.2245E+00
  1.3000E+01  1.5000E+01  1.8484E-01  0.0000E+00  2.0000E+00  3.0000E+00  2.2844E-01 -4.3601E-02  1.8484E-01  2.2844E-01 -4.3601E-02 -2.5069E-01
  1.3000E+01  1.5000E+01  1.0739E+00  0.0000E+00  3.0000E+00  3.0000E+00  1.1790E+00 -1.0514E-01  1.0739E+00  1.1790E+00 -1.0514E-01 -6.0454E-01
  1.3000E+01  2.0000E+01  0.0000E+00  1.0000E+00  1.0000E+00  3.0000E+00  4.1176E-01 -4.1176E-01  0.0000E+00  4.1176E-01  0.0000E+00  0.0000E+00
  1.3000E+01  2.0000E+01  0.0000E+00  1.0000E+00  2.0000E+00  3.0000E+00  4.1176E-01 -4.1176E-01  0.0000E+00  4.1176E-01  0.0000E+00  0.0000E+00
  1.3000E+01  2.0000E+01  0.0000E+00  1.0000E+00  3.0000E+00  3.0000E+00  4.1176E-01 -4.1176E-01  0.0000E+00  4.1176E-01  0.0000E+00  0.0000E+00
  1.3000E+01  3.0000E+01  3.0822E-01  0.0000E+00  1.0000E+00  3.0000E+00  9.8802E-02  2.0942E-01  3.0822E-01  9.8802E-02  2.0942E-01  1.2040E+00
  1.3000E+01  3.0000E+01  1.2398E-01  0.0000E+00  2.0000E+00  3.0000E+00  5.5281E-02  6.8697E-02  1.2398E-01  5.5281E-02  6.8697E-02  3.9498E-01
  1.3000E+01  3.0000E+01  7.9276E-01  0.0000E+00  3.0000E+00  3.0000E+00  3.1013E-01  4.8263E-01  7.9276E-01  3.1013E-01  4.8263E-01  2.7749E+00
  1.3000E+01  4.5000E+01  1.5984E-01  0.0000E+00  1.0000E+00  3.0000E+00  1.1334E-02  1.4851E-01  1.5984E-01  1.1334E-02  1.4851E-01  8.5384E-01
  1.3000E+01  4.5000E+01  6.1330E-02  0.0000E+00  2.0000E+00  3.0000E+00  9.6035E-03  5.1727E-02  6.1330E-02  9.6035E-03  5.1727E-02  2.9741E-01
  1.3000E+01  4.5000E+01  3.7010E-01  0.0000E+00  3.0000E+00  3.0000E+00  5.6210E-02  3.1389E-01  3.7010E-01  5.6210E-02  3.1389E-01  1.8047E+00
  1.3000E+01  6.0000E+01  7.8313E-02  0.0000E+00  1.0000E+00  3.0000E+00  1.2938E-03  7.7019E-02  7.8313E-02  1.2938E-03  7.7019E-02  4.4282E-01
  1.3000E+01  6.0000E+01  2.8914E-02  0.0000E+00  2.0000E+00  3.0000E+00  1.4605E-03  2.7454E-02  2.8914E-02  1.4605E-03  2.7454E-02  1.5785E-01
  1.3000E+01  6.0000E+01  1.6137E-01  0.0000E+00  3.0000E+00  3.0000E+00  8.7949E-03  1.5257E-01  1.6137E-01  8.7949E-03  1.5257E-01  8.7721E-01
  1.3000E+01  9.0000E+01  2.0922E-02  0.0000E+00  1.0000E+00  3.0000E+00  1.6839E-05  2.0905E-02  2.0922E-02  1.6839E-05  2.0905E-02  1.2019E-01
  1.3000E+01  9.0000E+01  8.3310E-03  0.0000E+00  2.0000E+00  3.0000E+00  2.8057E-05  8.3030E-03  8.3310E-03  2.8057E-05  8.3030E-03  4.7738E-02
  1.3000E+01  9.0000E+01  6.0035E-02  0.0000E+00  3.0000E+00  3.0000E+00  1.7629E-04  5.9859E-02  6.0035E-02  1.7629E-04  5.9859E-02  3.4416E-01
  1.3000E+01  1.2000E+02  1.1471E-02  0.0000E+00  1.0000E+00  3.0000E+00  2.1914E-07  1.1471E-02  1.1471E-02  2.1914E-07  1.1471E-02  6.5954E-02
  1.3000E+01  1.2000E+02  7.1323E-03  0.0000E+00  2.0000E+00  3.0000E+00  4.7543E-07  7.1318E-03  7.1323E-03  4.7543E-07  7.1318E-03  4.1005E-02
  1.3000E+01  1.2000E+02  2.7680E-02  0.0000E+00  3.0000E+00  3.0000E+00  3.0951E-06  2.7677E-02  2.7680E-02  3.0951E-06  2.7677E-02  1.5913E-01
  1.4000E+01  0.0000E+00  0.0000E+00  1.0000E+00  1.0000E+00  3.0000E+00  5.4434E+00 -5.4434E+00  0.0000E+00  5.4434E+00  0.0000E+00  0.0000E+00
  1.4000E+01  0.0000E+00  0.0000E+00  1.0000E+00  2.0000E+00  3.0000E+00  5.4434E+00 -5.4434E+00  0.0000E+00  5.4434E+00  0.0000E+00  0.0000E+00
  1.4000E+01  0.0000E+00  0.0000E+00  1.0000E+00  3.0000E+00  3.0000E+00  5.4434E+00 -5.4434E+00  0.0000E+00  5.4434E+00  0.0000E+00  0.0000E+00
  1.4000E+01  2.0000E+00  4.1737E+00  0.0000E+00  1.0000E+00  3.0000E+00  4.3554E+00 -1.8167E-01  4.1737E+00  4.3554E+00 -1.8167E-01 -1.0445E+00
  1.4000E+01  2.0000E+00  5.1596E-01  0.0000E+00  2.0000E+00  3.0000E+00  1.7283E-01  3.4312E-01  5.1596E-01  1.7283E-01  3.4312E-01  1.9728E+00
  1.4000E+01  2.0000E+00  1.3113E+00  0.0000E+00  3.0000E+00  3.0000E+00  7.6740E-01  5.4389E-01  1.3113E+00  7.6740E-01  5.4389E-01  3.1271E+00
  1.4000E+01  5.0000E+00  2.4322E+00  0.0000E+00  1.0000E+00  3.0000E+00  3.0568E+00 -6.2461E-01  2.4322E+00  3.0568E+00 -6.2461E-01 -3.5912E+00
  1.4000E+01  5.0000E+00  3.1416E-01  0.0000E+00  2.0000E+00  3.0000E+00  2.9288E-01  2.1288E-02  3.1416E-01  2.9288E-01  2.1288E-02  1.2239E-01
  1.4000E+01  5.0000E+00  1.6117E+00  0.0000E+00  3.0000E+00  3.0000E+00  1.3568E+00  2.5484E-01  1.6117E+00  1.3568E+00  2.5484E-01  1.4652E+00
  1.4000E+01  1.0000E+01  1.2701E+00  0.0000E+00  1.0000E+00  3.0000E+00  1.6216E+00 -3.5157E-01  1.2701E+00  1.6216E+00 -3.5157E-01 -2.0214E+00
  1.4000E+01  1.0000E+01  2.7419E-01  0.0000E+00  2.0000E+00  3.0000E+00  3.0132E-01 -2.7135E-02  2.7419E-01  3.0132E-01 -2.7135E-02 -1.5601E-01
  1.4000E+01  1.0000E+01  1.3613E+00  0.0000E+00  3.0000E+00  3.0000E+00  1.4834E+00 -1.2205E-01  1.3613E+00  1.4834E+00 -1.2205E-01 -7.0175E-01
  1.4000E+01  1.5000E+01  7.7652E-01  0.0000E+00  1.0000E+00  3.0000E+00  8.2692E-01 -5.0403E-02  7.7652E-01  8.2692E-01 -5.0403E-02 -2.8979E-01
  1.4000E+01  1.5000E+01  2.0205E-01  0.0000E+00  2.0000E+00  3.0000E+00  2.2844E-01 -2.6395E-02  2.0205E-01  2.2844E-01 -2.6395E-02 -1.5176E-01
  1.4000E+01  1.5000E+01  1.0192E+00  0.0000E+00  3.0000E+00  3.0000E+00  1.1790E+00 -1.5979E-01  1.0192E+00  1.1790E+00 -1.5979E-01 -9.1872E-01
  1.4000E+01  2.0000E+01  4.1187E-01  0.0000E+00  1.0000E+00  3.0000E+00  4.1176E-01  1.1260E-04  4.1187E-01  4.1176E-01  1.1260E-04  6.4738E-04
  1.4000E+01  2.0000E+01  1.3340E-01  0.0000E+00  2.0000E+00  3.0000E+00  1.5192E-01 -1.8520E-02  1.3340E-01  1.5192E-01 -1.8520E-02 -1.0648E-01
  1.4000E+01  2.0000E+01  9.3646E-01  0.0000E+00  3.0000E+00  3.0000E+00  8.1250E-01  1.2396E-01  9.3646E-01  8.1250E-01  1.2396E-01  7.1270E-01
  1.4000E+01  3.0000E+01  1.7584E-01  0.0000E+00  1.0000E+00  3.0000E+00  9.8802E-02  7.7038E-02  1.7584E-01  9.8802E-02  7.7038E-02  4.4293E-01
  1.4000E+01  3.0000E+01  4.3767E-02  0.0000E+00  2.0000E+00  3.0000E+00  5.5281E-02 -1.1514E-02  4.3767E-02  5.5281E-02 -1.1514E-02 -6.6198E-02
  1.4000E+01  3.0000E+01  4.8285E-01  0.0000E+00  3.0000E+00  3.0000E+00  3.1013E-01  1.7272E-01  4.8285E-01  3.1013E-01  1.7272E-01  9.9306E-01
  1.4000E+01  4.5000E+01  5.1087E-02  0.0000E+00  1.0000E+00  3.0000E+00  1.1334E-02  3.9753E-02  5.1087E-02  1.1334E-02  3.9753E-02  2.2856E-01
  1.4000E+01  4.5000E+01  2.6637E-02  0.0000E+00  2.0000E+00  3.0000E+00  9.6035E-03  1.7034E-02  2.6637E-02  9.6035E-03  1.7034E-02  9.7938E-02
  1.4000E+01  4.5000E+01  2.1067E-01  0.0000E+00  3.0000E+00  3.0000E+00  5.6210E-02  1.5446E-01  2.1067E-01  5.6210E-02  1.5446E-01  8.8810E-01
  1.4000E+01  6.0000E+01  2.7608E-02  0.0000E+00  1.0000E+00  3.0000E+00  1.2938E-03  2.6314E-02  2.7608E-02  1.2938E-03  2.6314E-02  1.5129E-01
  1.4000E+01  6.0000E+01  1.9696E-02  0.0000E+00  2.0000E+00  3.0000E+00  1.4605E-03  1.8236E-02  1.9696E-02  1.4605E-03  1.8236E-02  1.0485E-01
  1.4000E+01  6.0000E+01  1.1680E-01  0.0000E+00  3.0000E+00  3.0000E+00  8.7949E-03  1.0800E-01  1.1680E-01  8.7949E-03  1.0800E-01  6.2097E-01
  1.4000E+01  9.0000E+01  1.1469E-02  0.0000E+00  1.0000E+00  3.0000E+00  1.6839E-05  1.1452E-02  1.1469E-02  1.6839E-05  1.1452E-02  6.5843E-02
  1.4000E+01  9.0000E+01  2.4616E-02  0.0000E+00  2.0000E+00  3.0000E+00  2.8057E-05  2.4588E-02  2.4616E-02  2.8057E-05  2.4588E-02  1.4137E-01
  1.4000E+01  9.0000E+01  5.1504E-02  0.0000E+00  3.0000E+00  3.0000E+00  1.7629E-04  5.1327E-02  5.1504E-02  1.7629E-04  5.1327E-02  2.9511E-01
  1.4000E+01  1.2000E+02  5.0138E-03  0.0000E+00  1.0000E+00  3.0000E+00  2.1914E-07  5.0135E-03  5.0138E-03  2.1914E-07  5.0135E-03  2.8826E-02
  1.4000E+01  1.2000E+02  1.0696E-02  0.0000E+00  2.0000E+00  3.0000E+00  4.7543E-07  1.0695E-02  1.0696E-02  4.7543E-07  1.0695E-02  6.1492E-02
  1.4000E+01  1.2000E+02  1.8290E-02  0.0000E+00  3.0000E+00  3.0000E+00  3.0951E-06  1.8287E-02  1.8290E-02  3.0951E-06  1.8287E-02  1.0514E-01
  1.5000E+01  0.0000E+00  0.0000E+00  1.0000E+00  1.0000E+00  3.0000E+00  5.4434E+00 -5.4434E+00  0.0000E+00  5.4434E+00  0.0000E+00  0.0000E+00
  1.5000E+01  0.0000E+00  0.0000E+00  1.0000E+00  2.0000E+00  3.0000E+00  5.4434E+00 -5.4434E+00  0.0000E+00  5.4434E+00  0.0000E+00  0.0000E+00
  1.5000E+01  0.0000E+00  0.0000E+00  1.0000E+00  3.0000E+00  3.0000E+00  5.4434E+00 -5.4434E+00  0.0000E+00  5.4434E+00  0.0000E+00  0.0000E+00
  1.5000E+01  2.0000E+00  5.4638E+00  0.0000E+00  1.0000E+00  3.0000E+00  4.3554E+00  1.1084E+00  5.4638E+00  4.3554E+00  1.1084E+00  6.3729E+00
  1.5000E+01  2.0000E+00  2.6161E-01  0.0000E+00  2.0000E+00  3.0000E+00  1.7283E-01  8.8782E-02  2.6161E-01  1.7283E-01  8.8782E-02  5.1046E-01
  1.5000E+01  2.0000E+00  1.4760E+00  0.0000E+00  3.0000E+00  3.0000E+00  7.6740E-01  7.0864E-01  1.4760E+00  7.6740E-01  7.0864E-01  4.0744E+00
  1.5000E+01  5.0000E+00  3.9053E+00  0.0000E+00  1.0000E+00  3.0000E+00  3.0568E+00  8.4846E-01  3.9053E+00  3.0568E+00  8.4846E-01  4.8783E+00
  1.5000E+01  5.0000E+00  2.3471E-01  0.0000E+00  2.0000E+00  3.0000E+00  2.9288E-01 -5.8170E-02  2.3471E-01  2.9288E-01 -5.8170E-02 -3.3445E-01
  1.5000E+01  5.0000E+00  2.0920E+00  0.0000E+00  3.0000E+00  3.0000E+00  1.3568E+00  7.3521E-01  2.0920E+00  1.3568E+00  7.3521E-01  4.2271E+00
  1.5000E+01  1.0000E+01  1.5150E+00  0.0000E+00  1.0000E+00  3.0000E+00  1.6216E+00 -1.0659E-01  1.5150E+00  1.6216E+00 -1.0659E-01 -6.1282E-01
  1.5000E+01  1.0000E+01  1.8628E-01  0.0000E+00  2.0000E+00  3.0000E+00  3.0132E-01 -1.1505E-01  1.8628E-01  3.0132E-01 -1.1505E-01 -6.6146E-01
  1.5000E+01  1.0000E+01  1.5880E+00  0.0000E+00  3.0000E+00  3.0000E+00  1.4834E+00  1.0468E-01  1.5880E+00  1.4834E+00  1.0468E-01  6.0187E-01
  1.5000E+01  1.5000E+01  1.3804E+00  0.0000E+00  1.0000E+00  3.0000E+00  8.2692E-01  5.5351E-01  1.3804E+00  8.2692E-01  5.5351E-01  3.1824E+00
  1.5000E+01  1.5000E+01  2.6872E-01  0.0000E+00  2.0000E+00  3.0000E+00  2.2844E-01  4.0279E-02  2.6872E-01  2.2844E-01  4.0279E-02  2.3159E-01
  1.5000E+01  1.5000E+01  1.4340E+00  0.0000E+00  3.0000E+00  3.0000E+00  1.1790E+00  2.5496E-01  1.4340E+00  1.1790E+00  2.5496E-01  1.4659E+00
  1.5000E+01  2.0000E+01  7.0131E-01  0.0000E+00  1.0000E+00  3.0000E+00  4.1176E-01  2.8955E-01  7.0131E-01  4.1176E-01  2.8955E-01  1.6648E+00
  1.5000E+01  2.0000E+01  1.9216E-01  0.0000E+00  2.0000E+00  3.0000E+00  1.5192E-01  4.0239E-02  1.9216E-01  1.5192E-01  4.0239E-02  2.3136E-01
  1.5000E+01  2.0000E+01  1.0378E+00  0.0000E+00  3.0000E+00  3.0000E+00  8.1250E-01  2.2530E-01  1.0378E+00  8.1250E-01  2.2530E-01  1.2954E+00
  1.5000E+01  3.0000E+01  3.5248E-01  0.0000E+00  1.0000E+00  3.0000E+00  9.8802E-02  2.5368E-01  3.5248E-01  9.8802E-02  2.5368E-01  1.4585E+00
  1.5000E+01  3.0000E+01  1.0877E-01  0.0000E+00  2.0000E+00  3.0000E+00  5.5281E-02  5.3493E-02  1.0877E-01  5.5281E-02  5.3493E-02  3.0756E-01
  1.5000E+01  3.0000E+01  6.0981E-01  0.0000E+00  3.0000E+00  3.0000E+00  3.1013E-01  2.9968E-01  6.0981E-01  3.1013E-01  2.9968E-01  1.7230E+00
  1.5000E+01  4.5000E+01  9.9744E-02  0.0000E+00  1.0000E+00  3.0000E+00  1.1334E-02  8.8410E-02  9.9744E-02  1.1334E-02  8.8410E-02  5.0832E-01
  1.5000E+01  4.5000E+01  3.8899E-02  0.0000E+00  2.0000E+00  3.0000E+00  9.6035E-03  2.9296E-02  3.8899E-02  9.6035E-03  2.9296E-02  1.6844E-01
  1.5000E+01  4.5000E+01  2.5551E-01  0.0000E+00  3.0000E+00  3.0000E+00  5.6210E-02  1.9930E-01  2.5551E-01  5.6210E-02  1.9930E-01  1.1459E+00
  1.5000E+01  6.0000E+01  5.5427E-02  0.0000E+00  1.0000E+00  3.0000E+00  1.2938E-03  5.4133E-02  5.5427E-02  1.2938E-03  5.4133E-02  3.1124E-01
  1.5000E+01  6.0000E+01  2.0008E-02  0.0000E+00  2.0000E+00  3.0000E+00  1.4605E-03  1.8548E-02  2.0008E-02  1.4605E-03  1.8548E-02  1.0664E-01
  1.5000E+01  6.0000E+01  1.2271E-01  0.0000E+00  3.0000E+00  3.0000E+00  8.7949E-03  1.1392E-01  1.2271E-01  8.7949E-03  1.1392E-01  6.5497E-01
  1.5000E+01  9.0000E+01  2.3983E-02  0.0000E+00  1.0000E+00  3.0000E+00  1.6839E-05  2.3966E-02  2.3983E-02  1.6839E-05  2.3966E-02  1.3779E-01
  1.5000E+01  9.0000E+01  1.5077E-02  0.0000E+00  2.0000E+00  3.0000E+00  2.8057E-05  1.5049E-02  1.5077E-02  2.8057E-05  1.5049E-02  8.6524E-02
  1.5000E+01  9.0000E+01  5.1725E-02  0.0000E+00  3.0000E+00  3.0000E+00  1.7629E-04  5.1549E-02  5.1725E-02  1.7629E-04  5.1549E-02  2.9638E-01
  1.5000E+01  1.2000E+02  8.2896E-03  0.0000E+00  1.0000E+00  3.0000E+00  2.1914E-07  8.2893E-03  8.2896E-03  2.1914E-07  8.2893E-03  4.7660E-02
  1.5000E+01  1.2000E+02  1.2758E-02  0.0000E+00  2.0000E+00  3.0000E+00  4.7543E-07  1.2757E-02  1.2758E-02  4.7543E-07  1.2757E-02  7.3348E-02
  1.5000E+01  1.2000E+02  2.8453E-02  0.0000E+00  3.0000E+00  3.0000E+00  3.0951E-06  2.8450E-02  2.8453E-02  3.0951E-06  2.8450E-02  1.6358E-01
  1.6000E+01  0.0000E+00  0.0000E+00  1.0000E+00  1.0000E+00  3.0000E+00  5.4434E+00 -5.4434E+00  0.0000E+00  5.4434E+00  0.0000E+00  0.0000E+00
  1.6000E+01  0.0000E+00  0.0000E+00  1.0000E+00  2.0000E+00  3.0000E+00  5.4434E+00 -5.4434E+00  0.0000E+00  5.4434E+00  0.0000E+00  0.0000E+00
  1.6000E+01  0.0000E+00  0.0000E+00  1.0000E+00  3.0000E+00  3.0000E+00  5.4434E+00 -5.4434E+00  0.0000E+00  5.4434E+00  0.0000E+00  0.0000E+00
  1.6000E+01  2.0000E+00  4.2058E+00  0.0000E+00  1.0000E+00  3.0000E+00  4.3554E+00 -1.4957E-01  4.2058E+00  4.3554E+00 -1.4957E-01 -8.5995E-01
  1.6000E+01  2.0000E+00  2.8943E-01  0.0000E+00  2.0000E+00  3.0000E+00  1.7283E-01  1.1660E-01  2.8943E-01  1.7283E-01  1.1660E-01  6.7039E-01
  1.6000E+01  2.0000E+00  8.3811E-01  0.0000E+00  3.0000E+00  3.0000E+00  7.6740E-01  7.0709E-02  8.3811E-01  7.6740E-01  7.0709E-02  4.0655E-01
  1.6000E+01  5.0000E+00  2.9212E+00  0.0000E+00  1.0000E+00  3.0000E+00  3.0568E+00 -1.3565E-01  2.9212E+00  3.0568E+00 -1.3565E-01 -7.7994E-01
  1.6000E+01  5.0000E+00  2.4877E-01  0.0000E+00  2.0000E+00  3.0000E+00  2.9288E-01 -4.4104E-02  2.4877E-01  2.9288E-01 -4.4104E-02 -2.5358E-01
  1.6000E+01  5.0000E+00  1.1572E+00  0.0000E+00  3.0000E+00  3.0000E+00  1.3568E+00 -1.9964E-01  1.1572E+00  1.3568E+00 -1.9964E-01 -1.1479E+00
  1.6000E+01  1.0000E+01  1.6163E+00  0.0000E+00  1.0000E+00  3.0000E+00  1.6216E+00 -5.3120E-03  1.6163E+00  1.6216E+00 -5.3120E-03 -3.0541E-02
  1.6000E+01  1.0000E+01  2.2331E-01  0.0000E+00  2.0000E+00  3.0000E+00  3.0132E-01 -7.8015E-02  2.2331E-01  3.0132E-01 -7.8015E-02 -4.4855E-01
  1.6000E+01  1.0000E+01  1.1057E+00  0.0000E+00  3.0000E+00  3.0000E+00  1.4834E+00 -3.7762E-01  1.1057E+00  1.4834E+00 -3.7762E-01 -2.1712E+00
  1.6000E+01  1.5000E+01  9.3682E-01  0.0000E+00  1.0000E+00  3.0000E+00  8.2692E-01  1.0990E-01  9.3682E-01  8.2692E-01  1.0990E-01  6.3185E-01
  1.6000E+01  1.5000E+01  1.5498E-01  0.0000E+00  2.0000E+00  3.0000E+00  2.2844E-01 -7.3468E-02  1.5498E-01  2.2844E-01 -7.3468E-02 -4.2241E-01
  1.6000E+01  1.5000E+01  7.7916E-01  0.0000E+00  3.0000E+00  3.0000E+00  1.1790E+00 -3.9985E-01  7.7916E-01  1.1790E+00 -3.9985E-01 -2.2989E+00
  1.6000E+01  2.0000E+01  5.7028E-01  0.0000E+00  1.0000E+00  3.0000E+00  4.1176E-01  1.5852E-01  5.7028E-01  4.1176E-01  1.5852E-01  9.1143E-01
  1.6000E+01  2.0000E+01  1.5388E-01  0.0000E+00  2.0000E+00  3.0000E+00  1.5192E-01  1.9633E-03  1.5388E-01  1.5192E-01  1.9633E-03  1.1288E-02
  1.6000E+01  2.0000E+01  7.7562E-01  0.0000E+00  3.0000E+00  3.0000E+00  8.1250E-01 -3.6874E-02  7.7562E-01  8.1250E-01 -3.6874E-02 -2.1201E-01
  1.6000E+01  3.0000E+01  3.3792E-01  0.0000E+00  1.0000E+00  3.0000E+00  9.8802E-02  2.3911E-01  3.3792E-01  9.8802E-02  2.3911E-01  1.3748E+00
  1.6000E+01  3.0000E+01  9.5018E-02  0.0000E+00  2.0000E+00  3.0000E+00  5.5281E-02  3.9738E-02  9.5018E-02  5.5281E-02  3.9738E-02  2.2847E-01
  1.6000E+01  3.0000E+01  4.6384E-01  0.0000E+00  3.0000E+00  3.0000E+00  3.1013E-01  1.5372E-01  4.6384E-01  3.1013E-01  1.5372E-01  8.8380E-01
  1.6000E+01  4.5000E+01  1.0767E-01  0.0000E+00  1.0000E+00  3.0000E+00  1.1334E-02  9.6332E-02  1.0767E-01  1.1334E-02  9.6332E-02  5.5387E-01
  1.6000E+01  4.5000E+01  3.3552E-02  0.0000E+00  2.0000E+00  3.0000E+00  9.6035E-03  2.3948E-02  3.3552E-02  9.6035E-03  2.3948E-02  1.3769E-01
  1.6000E+01  4.5000E+01  1.9386E-01  0.0000E+00  3.0000E+00  3.0000E+00  5.6210E-02  1.3765E-01  1.9386E-01  5.6210E-02  1.3765E-01  7.9143E-01
  1.6000E+01  6.0000E+01  4.3657E-02  0.0000E+00  1.0000E+00  3.0000E+00  1.2938E-03  4.2364E-02  4.3657E-02  1.2938E-03  4.2364E-02  2.4357E-01
  1.6000E+01  6.0000E+01  1.9833E-02  0.0000E+00  2.0000E+00  3.0000E+00  1.4605E-03  1.8373E-02  1.9833E-02  1.4605E-03  1.8373E-02  1.0564E-01
  1.6000E+01  6.0000E+01  1.0360E-01  0.0000E+00  3.0000E+00  3.0000E+00  8.7949E-03  9.4807E-02  1.0360E-01  8.7949E-03  9.4807E-02  5.4510E-01
  1.6000E+01  9.0000E+01  1.9072E-02  0.0000E+00  1.0000E+00  3.0000E+00  1.6839E-05  1.9055E-02  1.9072E-02  1.6839E-05  1.9055E-02  1.0956E-01
  1.6000E+01  9.0000E+01  9.6593E-03  0.0000E+00  2.0000E+00  3.0000E+00  2.8057E-05  9.6313E-03  9.6593E-03  2.8057E-05  9.6313E-03  5.5376E-02
  1.6000E+01  9.0000E+01  4.6618E-02  0.0000E+00  3.0000E+00  3.0000E+00  1.7629E-04  4.6442E-02  4.6618E-02  1.7629E-04  4.6442E-02  2.6702E-01
  1.6000E+01  1.2000E+02  1.4771E-02  0.0000E+00  1.0000E+00  3.0000E+00  2.1914E-07  1.4771E-02  1.4771E-02  2.1914E-07  1.4771E-02  8.4924E-02
  1.6000E+01  1.2000E+02  6.2821E-03  0.0000E+00  2.0000E+00  3.0000E+00  4.7543E-07  6.2816E-03  6.2821E-03  4.7543E-07  6.2816E-03  3.6116E-02
  1.6000E+01  1.2000E+02  1.6070E-02  0.0000E+00  3.0000E+00  3.0000E+00  3.0951E-06  1.6067E-02  1.6070E-02  3.0951E-06  1.6067E-02  9.2376E-02
  1.7000E+01  0.0000E+00  0.0000E+00  1.0000E+00  1.0000E+00  3.0000E+00  5.4434E+00 -5.4434E+00  0.0000E+00  5.4434E+00  0.0000E+00  0.0000E+00
  1.7000E+01  0.0000E+00  0.0000E+00  1.0000E+00  2.0000E+00  3.0000E+00  5.4434E+00 -5.4434E+00  0.0000E+00  5.4434E+00  0.0000E+00  0.0000E+00
  1.7000E+01  0.0000E+00  0.0000E+00  1.0000E+00  3.0000E+00  3.0000E+00  5.4434E+00 -5.4434E+00  0.0000E+00  5.4434E+00  0.0000E+00  0.0000E+00
  1.7000E+01  2.0000E+00  4.5478E+00  0.0000E+00  1.0000E+00  3.0000E+00  4.3554E+00  1.9246E-01  4.5478E+00  4.3554E+00  1.9246E-01  1.1065E+00
  1.7000E+01  2.0000E+00  3.9063E-01  0.0000E+00  2.0000E+00  3.0000E+00  1.7283E-01  2.1780E-01  3.9063E-01  1.7283E-01  2.1780E-01  1.2522E+00
  1.7000E+01  2.0000E+00  1.2048E+00  0.0000E+00  3.0000E+00  3.0000E+00  7.6740E-01  4.3741E-01  1.2048E+00  7.6740E-01  4.3741E-01  2.5149E+00
  1.7000E+01  5.0000E+00  3.1255E+00  0.0000E+00  1.0000E+00  3.0000E+00  3.0568E+00  6.8635E-02  3.1255E+00  3.0568E+00  6.8635E-02  3.9462E-01
  1.7000E+01  5.0000E+00  2.9385E-01  0.0000E+00  2.0000E+00  3.0000E+00  2.9288E-01  9.7777E-04  2.9385E-01  2.9288E-01  9.7777E-04  5.6218E-03
  1.7000E+01  5.0000E+00  1.5121E+00  0.0000E+00  3.0000E+00  3.0000E+00  1.3568E+00  1.5533E-01  1.5121E+00  1.3568E+00  1.5533E-01  8.9307E-01
  1.7000E+01  1.0000E+01  2.0996E+00  0.0000E+00  1.0000E+00  3.0000E+00  1.6216E+00  4.7793E-01  2.0996E+00  1.6216E+00  4.7793E-01  2.7479E+00
  1.7000E+01  1.0000E+01  3.1643E-01  0.0000E+00  2.0000E+00  3.0000E+00  3.0132E-01  1.5107E-02  3.1643E-01  3.0132E-01  1.5107E-02  8.6861E-02
  1.7000E+01  1.0000E+01  1.5447E+00  0.0000E+00  3.0000E+00  3.0000E+00  1.4834E+00  6.1320E-02  1.5447E+00  1.4834E+00  6.1320E-02  3.5256E-01
  1.7000E+01  1.5000E+01  9.9983E-01  0.0000E+00  1.0000E+00  3.0000E+00  8.2692E-01  1.7290E-01  9.9983E-01  8.2692E-01  1.7290E-01  9.9410E-01
  1.7000E+01  1.5000E+01  1.6238E-01  0.0000E+00  2.0000E+00  3.0000E+00  2.2844E-01 -6.6061E-02  1.6238E-01  2.2844E-01 -6.6061E-02 -3.7982E-01
  1.7000E+01  1.5000E+01  1.0184E+00  0.0000E+00  3.0000E+00  3.0000E+00  1.1790E+00 -1.6059E-01  1.0184E+00  1.1790E+00 -1.6059E-01 -9.2334E-01
  1.7000E+01  2.0000E+01  6.5338E-01  0.0000E+00  1.0000E+00  3.0000E+00  4.1176E-01  2.4162E-01  6.5338E-01  4.1176E-01  2.4162E-01  1.3892E+00
  1.7000E+01  2.0000E+01  2.0397E-01  0.0000E+00  2.0000E+00  3.0000E+00  1.5192E-01  5.2054E-02  2.0397E-01  1.5192E-01  5.2054E-02  2.9928E-01
  1.7000E+01  2.0000E+01  9.9637E-01  0.0000E+00  3.0000E+00  3.0000E+00  8.1250E-01  1.8387E-01  9.9637E-01  8.1250E-01  1.8387E-01  1.0572E+00
  1.7000E+01  3.0000E+01  3.4256E-01  0.0000E+00  1.0000E+00  3.0000E+00  9.8802E-02  2.4376E-01  3.4256E-01  9.8802E-02  2.4376E-01  1.4015E+00
  1.7000E+01  3.0000E+01  1.2828E-01  0.0000E+00  2.0000E+00  3.0000E+00  5.5281E-02  7.3000E-02  1.2828E-01  5.5281E-02  7.3000E-02  4.1972E-01
  1.7000E+01  3.0000E+01  6.2960E-01  0.0000E+00  3.0000E+00  3.0000E+00  3.1013E-01  3.1948E-01  6.2960E-01  3.1013E-01  3.1948E-01  1.8368E+00
  1.7000E+01  4.5000E+01  1.3841E-01  0.0000E+00  1.0000E+00  3.0000E+00  1.1334E-02  1.2708E-01  1.3841E-01  1.1334E-02  1.2708E-01  7.3065E-01
  1.7000E+01  4.5000E+01  5.0818E-02  0.0000E+00  2.0000E+00  3.0000E+00  9.6035E-03  4.1215E-02  5.0818E-02  9.6035E-03  4.1215E-02  2.3697E-01
  1.7000E+01  4.5000E+01  2.7534E-01  0.0000E+00  3.0000E+00  3.0000E+00  5.6210E-02  2.1913E-01  2.7534E-01  5.6210E-02  2.1913E-01  1.2599E+00
  1.7000E+01  6.0000E+01  6.8563E-02  0.0000E+00  1.0000E+00  3.0000E+00  1.2938E-03  6.7270E-02  6.8563E-02  1.2938E-03  6.7270E-02  3.8677E-01
  1.7000E+01  6.0000E+01  3.4471E-02  0.0000E+00  2.0000E+00  3.0000E+00  1.4605E-03  3.3011E-02  3.4471E-02  1.4605E-03  3.3011E-02  1.8980E-01
  1.7000E+01  6.0000E+01  1.4603E-01  0.0000E+00  3.0000E+00  3.0000E+00  8.7949E-03  1.3723E-01  1.4603E-01  8.7949E-03  1.3723E-01  7.8902E-01
  1.7000E+01  9.0000E+01  2.6426E-02  0.0000E+00  1.0000E+00  3.0000E+00  1.6839E-05  2.6409E-02  2.6426E-02  1.6839E-05  2.6409E-02  1.5184E-01
  1.7000E+01  9.0000E+01  2.1193E-02  0.0000E+00  2.0000E+00  3.0000E+00  2.8057E-05  2.1165E-02  2.1193E-02  2.8057E-05  2.1165E-02  1.2169E-01
  1.7000E+01  9.0000E+01  6.3956E-02  0.0000E+00  3.0000E+00  3.0000E+00  1.7629E-04  6.3780E-02  6.3956E-02  1.7629E-04  6.3780E-02  3.6670E-01
  1.7000E+01  1.2000E+02  1.1534E-02  0.0000E+00  1.0000E+00  3.0000E+00  2.1914E-07  1.1534E-02  1.1534E-02  2.1914E-07  1.1534E-02  6.6317E-02
  1.7000E+01  1.2000E+02  2.1529E-02  0.0000E+00  2.0000E+00  3.0000E+00  4.7543E-07  2.1529E-02  2.1529E-02  4.7543E-07  2.1529E-02  1.2378E-01
  1.7000E+01  1.2000E+02  3.0168E-02  0.0000E+00  3.0000E+00  3.0000E+00  3.0951E-06  3.0165E-02  3.0168E-02  3.0951E-06  3.0165E-02  1.7343E-01
  1.8000E+01  0.0000E+00  0.0000E+00  1.0000E+00  1.0000E+00  3.0000E+00  5.4434E+00 -5.4434E+00  0.0000E+00  5.4434E+00  0.0000E+00  0.0000E+00
  1.8000E+01  0.0000E+00  0.0000E+00  1.0000E+00  2.0000E+00  3.0000E+00  5.4434E+00 -5.4434E+00  0.0000E+00  5.4434E+00  0.0000E+00  0.0000E+00
  1.8000E+01  0.0000E+00  0.0000E+00  1.0000E+00  3.0000E+00  3.0000E+00  5.4434E+00 -5.4434E+00  0.0000E+00  5.4434E+00  0.0000E+00  0.0000E+00
  1.8000E+01  2.0000E+00  3.7243E+00  0.0000E+00  1.0000E+00  3.0000E+00  4.3554E+00 -6.3104E-01  3.7243E+00  4.3554E+00 -6.3104E-01 -3.6282E+00
  1.8000E+01  2.0000E+00  4.5835E-01  0.0000E+00  2.0000E+00  3.0000E+00  1.7283E-01  2.8552E-01  4.5835E-01  1.7283E-01  2.8552E-01  1.6416E+00
  1.8000E+01  2.0000E+00  1.1602E+00  0.0000E+00  3.0000E+00  3.0000E+00  7.6740E-01  3.9280E-01  1.1602E+00  7.6740E-01  3.9280E-01  2.2584E+00
  1.8000E+01  5.0000E+00  2.2840E+00  0.0000E+00  1.0000E+00  3.0000E+00  3.0568E+00 -7.7286E-01  2.2840E+00  3.0568E+00 -7.7286E-01 -4.4436E+00
  1.8000E+01  5.0000E+00  3.2417E-01  0.0000E+00  2.0000E+00  3.0000E+00  2.9288E-01  3.1299E-02  3.2417E-01  2.9288E-01  3.1299E-02  1.7995E-01
  1.8000E+01  5.0000E+00  1.1645E+00  0.0000E+00  3.0000E+00  3.0000E+00  1.3568E+00 -1.9227E-01  1.1645E+00  1.3568E+00 -1.9227E-01 -1.1055E+00
  1.8000E+01  1.0000E+01  1.5043E+00  0.0000E+00  1.0000E+00  3.0000E+00  1.6216E+00 -1.1728E-01  1.5043E+00  1.6216E+00 -1.1728E-01 -6.7430E-01
  1.8000E+01  1.0000E+01  2.8305E-01  0.0000E+00  2.0000E+00  3.0000E+00  3.0132E-01 -1.8275E-02  2.8305E-01  3.0132E-01 -1.8275E-02 -1.0507E-01
  1.8000E+01  1.0000E+01  1.0611E+00  0.0000E+00  3.0000E+00  3.0000E+00  1.4834E+00 -4.2225E-01  1.0611E+00  1.4834E+00 -4.2225E-01 -2.4278E+00
  1.8000E+01  1.5000E+01  7.5200E-01  0.0000E+00  1.0000E+00  3.0000E+00  8.2692E-01 -7.4922E-02  7.5200E-01  8.2692E-01 -7.4922E-02 -4.3077E-01
  1.8000E+01  1.5000E+01  1.3542E-01  0.0000E+00  2.0000E+00  3.0000E+00  2.2844E-01 -9.3022E-02  1.3542E-01  2.2844E-01 -9.3022E-02 -5.3483E-01
  1.8000E+01  1.5000E+01  8.0086E-01  0.0000E+00  3.0000E+00  3.0000E+00  1.1790E+00 -3.7815E-01  8.0086E-01  1.1790E+00 -3.7815E-01 -2.1742E+00
  1.8000E+01  2.0000E+01  4.8728E-01  0.0000E+00  1.0000E+00  3.0000E+00  4.1176E-01  7.5518E-02  4.8728E-01  4.1176E-01  7.5518E-02  4.3419E-01
  1.8000E+01  2.0000E+01  1.7862E-01  0.0000E+00  2.0000E+00  3.0000E+00  1.5192E-01  2.6697E-02  1.7862E-01  1.5192E-01  2.6697E-02  1.5350E-01
  1.8000E+01  2.0000E+01  7.9364E-01  0.0000E+00  3.0000E+00  3.0000E+00  8.1250E-01 -1.8856E-02  7.9364E-01  8.1250E-01 -1.8856E-02 -1.0842E-01
  1.8000E+01  3.0000E+01  3.1137E-01  0.0000E+00  1.0000E+00  3.0000E+00  9.8802E-02  2.1257E-01  3.1137E-01  9.8802E-02  2.1257E-01  1.2222E+00
  1.8000E+01  3.0000E+01  1.3963E-01  0.0000E+00  2.0000E+00  3.0000E+00  5.5281E-02  8.4344E-02  1.3963E-01  5.5281E-02  8.4344E-02  4.8494E-01
  1.8000E+01  3.0000E+01  6.1293E-01  0.0000E+00  3.0000E+00  3.0000E+00  3.1013E-01  3.0280E-01  6.1293E-01  3.1013E-01  3.0280E-01  1.7409E+00
  1.8000E+01  4.5000E+01  1.2314E-01  0.0000E+00  1.0000E+00  3.0000E+00  1.1334E-02  1.1181E-01  1.2314E-01  1.1334E-02  1.1181E-01  6.4283E-01
  1.8000E+01  4.5000E+01  5.2491E-02  0.0000E+00  2.0000E+00  3.0000E+00  9.6035E-03  4.2887E-02  5.2491E-02  9.6035E-03  4.2887E-02  2.4658E-01
  1.8000E+01  4.5000E+01  2.5152E-01  0.0000E+00  3.0000E+00  3.0000E+00  5.6210E-02  1.9531E-01  2.5152E-01  5.6210E-02  1.9531E-01  1.1230E+00
  1.8000E+01  6.0000E+01  6.1908E-02  0.0000E+00  1.0000E+00  3.0000E+00  1.2938E-03  6.0614E-02  6.1908E-02  1.2938E-03  6.0614E-02  3.4850E-01
  1.8000E+01  6.0000E+01  3.4343E-02  0.0000E+00  2.0000E+00  3.0000E+00  1.4605E-03  3.2882E-02  3.4343E-02  1.4605E-03  3.2882E-02  1.8906E-01
  1.8000E+01  6.0000E+01  1.2934E-01  0.0000E+00  3.0000E+00  3.0000E+00  8.7949E-03  1.2054E-01  1.2934E-01  8.7949E-03  1.2054E-01  6.9308E-01
  1.8000E+01  9.0000E+01  2.1030E-02  0.0000E+00  1.0000E+00  3.0000E+00  1.6839E-05  2.1014E-02  2.1030E-02  1.6839E-05  2.1014E-02  1.2082E-01
  1.8000E+01  9.0000E+01  2.4894E-02  0.0000E+00  2.0000E+00  3.0000E+00  2.8057E-05  2.4866E-02  2.4894E-02  2.8057E-05  2.4866E-02  1.4297E-01
  1.8000E+01  9.0000E+01  5.2757E-02  0.0000E+00  3.0000E+00  3.0000E+00  1.7629E-04  5.2581E-02  5.2757E-02  1.7629E-04  5.2581E-02  3.0231E-01
  1.8000E+01  1.2000E+02  7.5896E-03  0.0000E+00  1.0000E+00  3.0000E+00  2.1914E-07  7.5894E-03  7.5896E-03  2.1914E-07  7.5894E-03  4.3636E-02
  1.8000E+01  1.2000E+02  2.1924E-02  0.0000E+00  2.0000E+00  3.0000E+00  4.7543E-07  2.1923E-02  2.1924E-02  4.7543E-07  2.1923E-02  1.2605E-01
  1.8000E+01  1.2000E+02  2.6129E-02  0.0000E+00  3.0000E+00  3.0000E+00  3.0951E-06  2.6126E-02  2.6129E-02  3.0951E-06  2.6126E-02  1.5021E-01
